0.8504099 0.1072927 0.0690336 0.0957735 0.0677334 0.0649097 0.0682944 0.0707234 0.0640860 0.0604646 0.0611828 0.0687714 0.0578594 0.0580844 0.0611265 0.0603814 -0.0489626 -0.0288856 -0.0256602 -0.0415209 -0.0480333 -0.0203821 -0.0404305 -0.0328696 0.0299023 0.0248632 0.0271092 0.0151110 0.0240286 0.0220653 0.0322491 0.0232536 0.0249558 0.0247785 0.0116072 0.0302607 0.0211548 0.0218849 0.0246506 0.0176232 0.0069525 0.0088542 0.0131724 0.0027286 0.0145199 0.0197238 0.0108505 0.0078262 -0.0616048 -0.0122215 -0.0243683 -0.0313567 -0.0248682 -0.0100122 -0.0164313 -0.0295353 -0.0372424 -0.0283434 0.0092053 -0.0182363 0.0136486 0.0037663 0.0049874 -0.0000142 -0.0141297 0.0021056 -0.0216172 0.0061923 -0.0209770 0.0131804 -0.0224898 -0.0460642 -0.0446828 -0.0122035 -0.0224894 -0.0209626 -0.0294448 -0.0537593 -0.0299210 -0.1103725 -0.1145559 -0.0302833 -0.0349116 -0.0168093 -0.0644225 -0.0467993 -0.1570844 -0.0402545 -0.0731581 -0.0615202 -0.0610733 -0.0277369 -0.1103773 -0.0335892 -0.1399478
0.1072927 0.8428990 0.0653724 0.1026601 0.0679833 0.0666868 0.0707307 0.0710497 0.0656012 0.0644715 0.0656924 0.0686370 0.0640443 0.0610762 0.0598729 0.0652177 -0.0565308 -0.0290437 -0.0265409 -0.0404496 -0.0536656 -0.0239646 -0.0408188 -0.0433482 0.0303145 0.0221119 0.0282446 0.0205797 0.0257347 0.0282902 0.0328248 0.0256851 0.0247499 0.0258772 0.0143775 0.0318061 0.0195766 0.0252964 0.0241440 0.0222151 0.0066692 0.0118150 0.0132178 0.0029266 0.0119699 0.0215401 0.0071120 0.0024554 -0.0628577 -0.0067887 -0.0258550 -0.0339434 -0.0233251 -0.0115854 -0.0173078 -0.0294326 -0.0401819 -0.0286035 0.0119606 -0.0169487 0.0133932 0.0074869 0.0081168 -0.0010030 -0.0104259 0.0027514 -0.0199527 0.0036138 -0.0220929 0.0152687 -0.0265507 -0.0499582 -0.0440427 -0.0150706 -0.0222432 -0.0162688 -0.0305174 -0.0553627 -0.0289961 -0.1173572 -0.1189078 -0.0313347 -0.0365413 -0.0208575 -0.0703920 -0.0453788 -0.1629577 -0.0378752 -0.0762001 -0.0636305 -0.0633579 -0.0272164 -0.1165643 -0.0320983 -0.1438436
0.0690336 0.0653724 0.8406676 0.0646123 0.1092614 0.1044144 0.1260646 0.1089250 0.0683754 0.0668330 0.0630844 0.0669192 0.0669461 0.0636564 0.0678181 0.0638893 -0.0560360 -0.0355095 -0.0258886 -0.0471833 -0.0560089 -0.0268733 -0.0445466 -0.0446131 0.0295585 0.0233034 0.0331085 0.0237091 0.0246896 0.0297370 0.0385739 0.0210876 0.0327267 0.0281408 0.0147780 0.0376955 0.0241998 0.0224510 0.0277677 0.0273774 0.0105777 0.0107031 0.0158150 0.0021605 0.0154399 0.0247383 0.0087318 0.0059938 -0.0666818 -0.0115553 -0.0227212 -0.0376530 -0.0224799 -0.0104376 -0.0185934 -0.0313587 -0.0380904 -0.0302367 0.0074211 -0.0201178 0.0147805 0.0038991 0.0073412 -0.0036640 -0.0161451 -0.0035065 -0.0231877 0.0063195 -0.0251318 0.0121365 -0.0267782 -0.0485802 -0.0483175 -0.0107953 -0.0183031 -0.0209493 -0.0344879 -0.0595525 -0.0298772 -0.1242245 -0.1301795 -0.0305583 -0.0338709 -0.0221385 -0.0738385 -0.0444489 -0.1714673 -0.0487552 -0.0821259 -0.0634760 -0.0633660 -0.0313742 -0.1227127 -0.0409000 -0.1521866
0.0957735 0.1026601 0.0646123 0.8573727 0.0638892 0.0622278 0.0650923 0.0688498 0.0634238 0.0579873 0.0618908 0.0613489 0.0579897 0.0570260 0.0599137 0.0608379 -0.0522395 -0.0312557 -0.0264888 -0.0443363 -0.0522625 -0.0279452 -0.0412415 -0.0374362 0.0303695 0.0220424 0.0302718 0.0237866 0.0286866 0.0274050 0.0363802 0.0244412 0.0271129 0.0249663 0.0157038 0.0311832 0.0221195 0.0266621 0.0266974 0.0214321 0.0103029 0.0119007 0.0216566 0.0041442 0.0156486 0.0205526 0.0106385 0.0074523 -0.0598387 -0.0086951 -0.0203061 -0.0340257 -0.0220661 -0.0118518 -0.0118143 -0.0287974 -0.0381670 -0.0269314 0.0122128 -0.0115637 0.0132445 0.0057748 0.0081147 0.0013192 -0.0075192 0.0008665 -0.0236272 0.0086615 -0.0221218 0.0174058 -0.0244802 -0.0449955 -0.0463978 -0.0104175 -0.0197563 -0.0169938 -0.0307225 -0.0523714 -0.0284708 -0.1152928 -0.1181422 -0.0294833 -0.0293764 -0.0176488 -0.0691652 -0.0457656 -0.1620173 -0.0370342 -0.0769031 -0.0597012 -0.0602777 -0.0249600 -0.1154813 -0.0337755 -0.1410860
0.0677334 0.0679833 0.1092614 0.0638892 0.8559762 0.1177351 0.1223441 0.1174934 0.0689490 0.0640730 0.0641428 0.0666758 0.0669879 0.0650267 0.0609204 0.0640556 -0.0596467 -0.0331994 -0.0301444 -0.0471290 -0.0568567 -0.0250538 -0.0463241 -0.0439776 0.0347950 0.0256237 0.0332581 0.0214217 0.0259861 0.0291569 0.0406194 0.0259872 0.0308348 0.0282802 0.0122982 0.0370738 0.0229538 0.0260827 0.0310130 0.0248785 0.0148539 0.0134220 0.0157240 0.0051465 0.0149008 0.0221061 0.0103712 0.0059375 -0.0652047 -0.0100307 -0.0270721 -0.0330248 -0.0231628 -0.0077680 -0.0173198 -0.0327883 -0.0389833 -0.0307185 0.0091476 -0.0239697 0.0150030 0.0080113 0.0086115 -0.0031270 -0.0097837 0.0019280 -0.0236197 0.0054788 -0.0221554 0.0184225 -0.0257285 -0.0502775 -0.0526916 -0.0093678 -0.0177164 -0.0199048 -0.0331465 -0.0597493 -0.0308193 -0.1282648 -0.1328508 -0.0297902 -0.0359973 -0.0239864 -0.0718913 -0.0445639 -0.1727932 -0.0461195 -0.0825723 -0.0647402 -0.0649865 -0.0293135 -0.1268670 -0.0417069 -0.1512597
0.0649097 0.0666868 0.1044144 0.0622278 0.1177351 0.8463933 0.1155445 0.1126876 0.0683113 0.0629597 0.0627393 0.0661680 0.0642183 0.0616491 0.0612680 0.0655096 -0.0565877 -0.0327015 -0.0307747 -0.0458464 -0.0523022 -0.0242597 -0.0424917 -0.0417551 0.0325066 0.0255632 0.0321665 0.0241375 0.0285120 0.0292942 0.0354004 0.0230189 0.0314096 0.0276023 0.0107997 0.0327745 0.0174687 0.0220039 0.0208548 0.0229234 0.0128150 0.0126093 0.0169851 0.0041151 0.0152064 0.0231275 0.0109112 0.0005771 -0.0639705 -0.0130902 -0.0287103 -0.0321204 -0.0233148 -0.0099910 -0.0206070 -0.0291641 -0.0439602 -0.0319904 0.0069068 -0.0211161 0.0149528 0.0039603 0.0066543 -0.0016838 -0.0122918 0.0016429 -0.0245883 0.0011472 -0.0205362 0.0133978 -0.0284126 -0.0500605 -0.0509859 -0.0100911 -0.0212928 -0.0202516 -0.0313125 -0.0605738 -0.0290742 -0.1224060 -0.1291046 -0.0298568 -0.0339938 -0.0224437 -0.0705683 -0.0422178 -0.1671806 -0.0458778 -0.0774760 -0.0686017 -0.0685432 -0.0287126 -0.1197027 -0.0423858 -0.1436924
0.0682944 0.0707307 0.1260646 0.0650923 0.1223441 0.1155445 0.8407568 0.1248813 0.0694494 0.0701147 0.0678048 0.0725489 0.0685778 0.0675575 0.0625592 0.0669401 -0.0617650 -0.0329799 -0.0258887 -0.0416817 -0.0574603 -0.0251108 -0.0460240 -0.0452868 0.0309627 0.0255873 0.0323550 0.0227078 0.0256038 0.0302006 0.0368761 0.0252852 0.0315469 0.0293683 0.0152744 0.0369962 0.0185810 0.0242955 0.0269424 0.0279452 0.0128935 0.0130522 0.0148460 0.0020781 0.0118711 0.0216080 0.0073176 0.0026317 -0.0668914 -0.0126016 -0.0273360 -0.0382750 -0.0257221 -0.0112440 -0.0241089 -0.0325975 -0.0391522 -0.0320573 0.0048526 -0.0264232 0.0115750 0.0039606 0.0045799 -0.0013336 -0.0118968 0.0017551 -0.0230215 0.0040404 -0.0273268 0.0135458 -0.0308484 -0.0529725 -0.0519383 -0.0120619 -0.0199464 -0.0182304 -0.0334229 -0.0603354 -0.0323505 -0.1276662 -0.1333205 -0.0315269 -0.0346477 -0.0255626 -0.0748776 -0.0454609 -0.1767437 -0.0478173 -0.0861578 -0.0665440 -0.0686274 -0.0311030 -0.1282064 -0.0457692 -0.1578965
0.0707234 0.0710497 0.1089250 0.0688498 0.1174934 0.1126876 0.1248813 0.8498592 0.0727476 0.0687627 0.0677670 0.0759316 0.0662562 0.0672120 0.0675409 0.0669839 -0.0598051 -0.0352417 -0.0268658 -0.0454367 -0.0569243 -0.0267892 -0.0456258 -0.0503316 0.0319976 0.0294497 0.0332413 0.0243400 0.0263276 0.0268322 0.0391786 0.0261545 0.0325269 0.0291463 0.0148004 0.0386659 0.0223223 0.0247068 0.0279487 0.0262958 0.0154987 0.0122958 0.0170570 0.0048478 0.0134062 0.0272648 0.0106972 0.0066090 -0.0681334 -0.0108779 -0.0301062 -0.0323504 -0.0268058 -0.0099585 -0.0178213 -0.0334557 -0.0419114 -0.0356154 0.0075633 -0.0212238 0.0147878 0.0054760 0.0069297 -0.0036285 -0.0142802 0.0034278 -0.0261686 0.0039808 -0.0229395 0.0188906 -0.0282833 -0.0498267 -0.0512508 -0.0085841 -0.0208939 -0.0198386 -0.0319414 -0.0626189 -0.0334764 -0.1302459 -0.1347310 -0.0328551 -0.0352980 -0.0228275 -0.0723967 -0.0464202 -0.1785663 -0.0426422 -0.0839787 -0.0682824 -0.0691100 -0.0310604 -0.1292135 -0.0416284 -0.1533368
0.0640860 0.0656012 0.0683754 0.0634238 0.0689490 0.0683113 0.0694494 0.0727476 0.8723947 0.0985445 0.1067426 0.0992050 0.1013549 0.0966712 0.0678885 0.0707704 -0.0582201 -0.0332678 -0.0295142 -0.0440918 -0.0567309 -0.0309065 -0.0441961 -0.0428816 0.0360236 0.0275756 0.0333023 0.0267090 0.0284900 0.0322180 0.0400605 0.0284362 0.0303320 0.0278343 0.0129712 0.0372725 0.0242410 0.0262165 0.0257820 0.0241100 0.0135540 0.0109786 0.0167653 0.0089091 0.0185204 0.0261069 0.0142164 0.0099798 -0.0634863 -0.0099612 -0.0229509 -0.0372638 -0.0254295 -0.0106192 -0.0115498 -0.0320872 -0.0417143 -0.0269230 0.0095789 -0.0182259 0.0177708 0.0092922 0.0108547 -0.0005464 -0.0103245 0.0065719 -0.0224998 0.0100653 -0.0201459 0.0195264 -0.0258321 -0.0493450 -0.0443080 -0.0115916 -0.0193680 -0.0212104 -0.0389787 -0.0594463 -0.0290557 -0.1258691 -0.1292574 -0.0293785 -0.0380356 -0.0193934 -0.0749887 -0.0460450 -0.1713493 -0.0415755 -0.0827578 -0.0713330 -0.0695721 -0.0292521 -0.1284843 -0.0390127 -0.1537577
0.0604646 0.0644715 0.0668330 0.0579873 0.0640730 0.0629597 0.0701147 0.0687627 0.0985445 0.8527216 0.0999121 0.1049012 0.1156851 0.1028523 0.0648375 0.0679791 -0.0605050 -0.0315010 -0.0312377 -0.0421780 -0.0576734 -0.0270601 -0.0448072 -0.0429944 0.0296834 0.0270668 0.0295415 0.0234588 0.0237012 0.0275159 0.0318369 0.0239413 0.0288669 0.0273422 0.0120595 0.0372274 0.0199056 0.0247216 0.0287453 0.0243167 0.0076715 0.0089234 0.0156832 0.0071565 0.0158937 0.0222121 0.0091771 0.0087793 -0.0668691 -0.0093117 -0.0253912 -0.0332606 -0.0264411 -0.0082033 -0.0176165 -0.0295153 -0.0383134 -0.0292799 0.0061592 -0.0181260 0.0136041 0.0060049 0.0072187 -0.0052795 -0.0111299 0.0026555 -0.0250230 0.0072208 -0.0231694 0.0131436 -0.0285651 -0.0486738 -0.0462003 -0.0143296 -0.0221335 -0.0178270 -0.0340569 -0.0597705 -0.0309536 -0.1211355 -0.1246799 -0.0307319 -0.0348985 -0.0188993 -0.0746968 -0.0437455 -0.1672241 -0.0440175 -0.0798803 -0.0682516 -0.0691894 -0.0285507 -0.1227137 -0.0405381 -0.1490637
0.0611828 0.0656924 0.0630844 0.0618908 0.0641428 0.0627393 0.0678048 0.0677670 0.1067426 0.0999121 0.8722789 0.1138746 0.1037639 0.1014396 0.0692645 0.0686466 -0.0588057 -0.0352273 -0.0270866 -0.0458178 -0.0559181 -0.0291178 -0.0430573 -0.0461061 0.0330899 0.0252554 0.0314350 0.0280088 0.0283504 0.0279433 0.0374242 0.0251679 0.0314046 0.0272871 0.0144280 0.0379768 0.0250456 0.0249103 0.0289246 0.0243064 0.0139605 0.0105318 0.0169960 0.0073614 0.0157325 0.0261505 0.0099333 0.0082464 -0.0643058 -0.0111060 -0.0225298 -0.0342326 -0.0244962 -0.0092922 -0.0137845 -0.0329551 -0.0424918 -0.0254261 0.0114461 -0.0168812 0.0139865 0.0056401 0.0055163 -0.0005946 -0.0126741 0.0030114 -0.0218839 0.0076467 -0.0232688 0.0150802 -0.0257668 -0.0495703 -0.0464428 -0.0129853 -0.0193192 -0.0211560 -0.0363342 -0.0595099 -0.0324599 -0.1223647 -0.1256862 -0.0308590 -0.0328516 -0.0196818 -0.0742885 -0.0459696 -0.1681162 -0.0424948 -0.0854051 -0.0672808 -0.0665580 -0.0259939 -0.1275948 -0.0385363 -0.1530659
0.0687714 0.0686370 0.0669192 0.0613489 0.0666758 0.0661680 0.0725489 0.0759316 0.0992050 0.1049012 0.1138746 0.8606205 0.1076265 0.1022754 0.0658198 0.0714072 -0.0606826 -0.0309430 -0.0284987 -0.0451342 -0.0587554 -0.0268940 -0.0406522 -0.0443257 0.0294692 0.0233297 0.0290481 0.0223803 0.0250562 0.0287144 0.0348843 0.0233033 0.0287464 0.0280957 0.0142221 0.0384382 0.0229998 0.0233931 0.0261659 0.0196952 0.0130939 0.0086322 0.0205778 0.0045597 0.0192182 0.0219298 0.0120123 0.0057709 -0.0703183 -0.0118683 -0.0231507 -0.0344620 -0.0236886 -0.0065292 -0.0171425 -0.0339921 -0.0426108 -0.0240006 0.0098053 -0.0237695 0.0132995 0.0056596 0.0062304 -0.0057352 -0.0118207 0.0015183 -0.0210284 0.0053714 -0.0213484 0.0165615 -0.0253086 -0.0509557 -0.0483127 -0.0186273 -0.0245621 -0.0198377 -0.0379163 -0.0624267 -0.0281882 -0.1228302 -0.1262287 -0.0314415 -0.0364921 -0.0235793 -0.0777230 -0.0470280 -0.1676219 -0.0427224 -0.0841881 -0.0714536 -0.0702322 -0.0316131 -0.1241097 -0.0388182 -0.1547305
0.0578594 0.0640443 0.0669461 0.0579897 0.0669879 0.0642183 0.0685778 0.0662562 0.1013549 0.1156851 0.1037639 0.1076265 0.8560556 0.1102648 0.0682403 0.0696317 -0.0625680 -0.0317909 -0.0279037 -0.0454332 -0.0597014 -0.0250484 -0.0431581 -0.0444083 0.0313407 0.0233198 0.0341890 0.0237828 0.0266643 0.0278508 0.0366450 0.0249604 0.0309065 0.0279209 0.0102085 0.0375835 0.0240454 0.0260294 0.0278857 0.0212040 0.0082708 0.0074355 0.0139252 0.0102086 0.0148351 0.0208849 0.0129259 0.0049861 -0.0662294 -0.0100235 -0.0277137 -0.0295031 -0.0218157 -0.0134064 -0.0148763 -0.0327994 -0.0414398 -0.0286560 0.0108352 -0.0205797 0.0147689 0.0038844 0.0067781 -0.0090791 -0.0100754 0.0038715 -0.0246046 0.0045450 -0.0227776 0.0158265 -0.0274094 -0.0484984 -0.0494664 -0.0128725 -0.0215385 -0.0193111 -0.0356084 -0.0601258 -0.0285195 -0.1265115 -0.1266997 -0.0326444 -0.0374867 -0.0228230 -0.0773979 -0.0472088 -0.1693457 -0.0447607 -0.0835566 -0.0698752 -0.0702409 -0.0302329 -0.1258526 -0.0412501 -0.1514491
0.0580844 0.0610762 0.0636564 0.0570260 0.0650267 0.0616491 0.0675575 0.0672120 0.0966712 0.1028523 0.1014396 0.1022754 0.1102648 0.8553649 0.0668781 0.0606077 -0.0553324 -0.0286698 -0.0235497 -0.0452575 -0.0569270 -0.0240649 -0.0425954 -0.0404876 0.0318201 0.0210118 0.0289894 0.0238377 0.0260865 0.0261101 0.0318425 0.0231519 0.0249446 0.0270809 0.0128117 0.0363877 0.0233517 0.0227488 0.0232704 0.0255888 0.0114465 0.0087577 0.0173230 0.0077928 0.0143179 0.0247355 0.0109688 0.0087325 -0.0649277 -0.0113827 -0.0253713 -0.0367120 -0.0254913 -0.0138226 -0.0148207 -0.0287653 -0.0434292 -0.0289217 0.0087259 -0.0185645 0.0137495 0.0028643 0.0046737 -0.0023175 -0.0132582 0.0038705 -0.0225942 0.0074688 -0.0207131 0.0129184 -0.0269262 -0.0504111 -0.0465750 -0.0118614 -0.0208620 -0.0170714 -0.0331042 -0.0579060 -0.0299882 -0.1235834 -0.1220629 -0.0334025 -0.0333657 -0.0201355 -0.0771002 -0.0430754 -0.1667597 -0.0418546 -0.0849501 -0.0682408 -0.0678046 -0.0261895 -0.1246731 -0.0321483 -0.1494388
0.0611265 0.0598729 0.0678181 0.0599137 0.0609204 0.0612680 0.0625592 0.0675409 0.0678885 0.0648375 0.0692645 0.0658198 0.0682403 0.0668781 0.8520274 0.0658493 -0.0500570 -0.0281704 -0.0232918 -0.0441874 -0.0521999 -0.0194912 -0.0392458 -0.0398071 0.0285078 0.0236451 0.0323733 0.0232738 0.0251209 0.0283101 0.0375310 0.0219632 0.0279639 0.0251096 0.0158758 0.0325739 0.0205491 0.0267713 0.0254565 0.0258981 0.0056430 0.0112651 0.0147819 0.0079771 0.0153572 0.0244383 0.0066249 0.0089811 -0.0592322 -0.0076199 -0.0204711 -0.0322124 -0.0204958 -0.0075029 -0.0116941 -0.0272449 -0.0356350 -0.0222371 0.0117021 -0.0157371 0.0129204 0.0045748 0.0046837 -0.0062133 -0.0119315 -0.0034764 -0.0202576 0.0079286 -0.0239228 0.0142304 -0.0219581 -0.0436783 -0.0424896 -0.0156768 -0.0200848 -0.0202272 -0.0358764 -0.0529297 -0.0300458 -0.1114945 -0.1174876 -0.0250114 -0.0255032 -0.0177885 -0.0661601 -0.0406337 -0.1581533 -0.0398078 -0.0747836 -0.0620933 -0.0607847 -0.0278565 -0.1112110 -0.0371079 -0.1381921
0.0603814 0.0652177 0.0638893 0.0608379 0.0640556 0.0655096 0.0669401 0.0669839 0.0707704 0.0679791 0.0686466 0.0714072 0.0696317 0.0606077 0.0658493 0.8597319 -0.0579106 -0.0344040 -0.0289831 -0.0401448 -0.0516683 -0.0215946 -0.0412733 -0.0399935 0.0304808 0.0296350 0.0313580 0.0237515 0.0277270 0.0297568 0.0382163 0.0294972 0.0356013 0.0248076 0.0181635 0.0371038 0.0228419 0.0265407 0.0261712 0.0213720 0.0111417 0.0125125 0.0217686 0.0049596 0.0138069 0.0251390 0.0131573 0.0055378 -0.0595591 -0.0100817 -0.0199051 -0.0334552 -0.0222024 -0.0093052 -0.0169499 -0.0297645 -0.0382841 -0.0221545 0.0087753 -0.0147040 0.0151141 0.0056405 0.0068796 -0.0033672 -0.0077762 0.0023981 -0.0202285 0.0056837 -0.0244666 0.0144665 -0.0214501 -0.0463303 -0.0442167 -0.0085951 -0.0199420 -0.0148877 -0.0314009 -0.0570483 -0.0270683 -0.1128923 -0.1171869 -0.0262990 -0.0323298 -0.0191664 -0.0670587 -0.0441776 -0.1610660 -0.0390159 -0.0726326 -0.0648356 -0.0634426 -0.0253587 -0.0954604 -0.0410247 -0.1437380
-0.0489626 -0.0565308 -0.0560360 -0.0522395 -0.0596467 -0.0565877 -0.0617650 -0.0598051 -0.0582201 -0.0605050 -0.0588057 -0.0606826 -0.0625680 -0.0553324 -0.0500570 -0.0579106 1.0901290 0.0447878 0.0442784 0.0765058 0.0814533 0.0376152 0.0570326 0.0771773 -0.0494011 -0.0445755 -0.0496085 -0.0337475 -0.0485275 -0.0468464 -0.0606973 -0.0525232 -0.0567025 -0.0258066 -0.0241709 -0.0518873 -0.0325124 -0.0346767 -0.0444782 -0.0415067 -0.0159169 -0.0205203 -0.0394670 -0.0260593 -0.0335742 -0.0346401 -0.0191704 -0.0345069 0.0559329 -0.0144696 0.0052672 0.0215298 -0.0131742 -0.0019212 0.0069796 0.0128734 0.0296184 0.0081528 -0.0397516 -0.0018851 -0.0358554 -0.0375036 -0.0361026 -0.0212677 -0.0111927 -0.0190660 -0.0037416 -0.0330830 -0.0008635 -0.0342273 -0.0014624 0.0308084 0.0302373 -0.0017903 0.0023009 -0.0081570 0.0117082 0.0287128 0.0159792 0.1004986 0.1067691 0.0098622 0.0205833 -0.0016373 0.0575307 0.0177805 0.1566385 0.0231724 0.0665328 0.0229413 0.0242523 -0.0064155 0.1031529 0.0256829 0.1334379
-0.0288856 -0.0290437 -0.0355095 -0.0312557 -0.0331994 -0.0327015 -0.0329799 -0.0352417 -0.0332678 -0.0315010 -0.0352273 -0.0309430 -0.0317909 -0.0286698 -0.0281704 -0.0344040 0.0447878 1.0203199 0.0453065 0.0546753 0.0519341 0.0408906 0.0472667 0.0457900 -0.0312824 -0.0361194 -0.0348293 -0.0301366 -0.0292875 -0.0376016 -0.0422027 -0.0377153 -0.0370781 -0.0160065 -0.0273223 -0.0390588 -0.0269291 -0.0314922 -0.0349475 -0.0350855 -0.0143494 -0.0288782 -0.0252181 -0.0181948 -0.0172068 -0.0302287 -0.0234338 -0.0253696 0.0227599 -0.0146718 0.0016130 -0.0088020 -0.0120865 0.0004336 -0.0164525 0.0007665 0.0117541 0.0064855 -0.0280370 -0.0054524 -0.0339092 -0.0338551 -0.0328956 -0.0179523 -0.0084879 -0.0201847 -0.0055187 -0.0237278 -0.0137771 -0.0260778 -0.0091217 0.0148731 0.0131828 -0.0074274 -0.0046930 0.0059655 -0.0007236 0.0228771 0.0079052 0.0540537 0.0568230 0.0029991 0.0125269 -0.0073043 0.0302048 0.0185645 0.0965325 0.0012642 0.0313229 0.0143331 0.0160719 0.0022176 0.0675604 0.0009272 0.0879804
-0.0256602 -0.0265409 -0.0258886 -0.0264888 -0.0301444 -0.0307747 -0.0258887 -0.0268658 -0.0295142 -0.0312377 -0.0270866 -0.0284987 -0.0279037 -0.0235497 -0.0232918 -0.0289831 0.0442784 0.0453065 1.0135503 0.0515559 0.0573268 0.0367840 0.0408595 0.0426465 -0.0300325 -0.0248766 -0.0247298 -0.0281314 -0.0270377 -0.0352314 -0.0334585 -0.0322871 -0.0349012 -0.0136915 -0.0257375 -0.0261881 -0.0293778 -0.0301112 -0.0325033 -0.0274810 -0.0194026 -0.0228679 -0.0271501 -0.0180952 -0.0072072 -0.0237730 -0.0223558 -0.0193902 0.0273532 -0.0091748 0.0010700 -0.0063782 -0.0044619 -0.0046409 -0.0090074 0.0094076 -0.0001208 -0.0019477 -0.0273905 -0.0004642 -0.0330175 -0.0262433 -0.0263939 -0.0143578 -0.0126716 -0.0214733 -0.0070546 -0.0177563 -0.0212153 -0.0239530 -0.0143696 0.0014932 0.0042694 -0.0059129 -0.0060753 -0.0034860 0.0000338 0.0093438 0.0001707 0.0506491 0.0618923 -0.0037447 0.0119482 -0.0159125 0.0221293 0.0095862 0.0793749 0.0034881 0.0096588 0.0118467 0.0110509 -0.0013691 0.0566225 -0.0000329 0.0646957
-0.0415209 -0.0404496 -0.0471833 -0.0443363 -0.0471290 -0.0458464 -0.0416817 -0.0454367 -0.0440918 -0.0421780 -0.0458178 -0.0451342 -0.0454332 -0.0452575 -0.0441874 -0.0401448 0.0765058 0.0546753 0.0515559 1.0742388 0.0613116 0.0577625 0.0766276 0.0568770 -0.0402301 -0.0369274 -0.0426174 -0.0367708 -0.0427859 -0.0452494 -0.0529088 -0.0438136 -0.0453892 -0.0213870 -0.0301949 -0.0437542 -0.0241145 -0.0379561 -0.0389362 -0.0396683 -0.0310189 -0.0325009 -0.0382990 -0.0240761 -0.0248477 -0.0421735 -0.0351523 -0.0200765 0.0408384 -0.0046736 0.0094621 0.0135404 0.0055492 -0.0055277 -0.0097442 -0.0063838 0.0111843 0.0109514 -0.0333897 0.0051118 -0.0365787 -0.0344818 -0.0319511 -0.0249605 -0.0081576 -0.0246887 -0.0035031 -0.0196066 -0.0181521 -0.0265255 -0.0123979 0.0121331 0.0171399 0.0090123 0.0044668 -0.0125968 0.0023206 0.0215447 0.0016070 0.0780792 0.0621925 -0.0016574 -0.0062610 0.0029265 0.0245112 0.0120789 0.1310349 0.0173559 0.0501706 0.0301278 0.0316369 0.0061261 0.0890993 -0.0121018 0.1086978
-0.0480333 -0.0536656 -0.0560089 -0.0522625 -0.0568567 -0.0523022 -0.0574603 -0.0569243 -0.0567309 -0.0576734 -0.0559181 -0.0587554 -0.0597014 -0.0569270 -0.0521999 -0.0516683 0.0814533 0.0519341 0.0573268 0.0613116 1.1126026 0.0540011 0.0665874 0.0702013 -0.0477905 -0.0390467 -0.0397553 -0.0413461 -0.0456776 -0.0568909 -0.0525286 -0.0503524 -0.0551210 -0.0259299 -0.0335292 -0.0511004 -0.0452446 -0.0403768 -0.0464410 -0.0402032 -0.0203169 -0.0310207 -0.0421285 -0.0267480 -0.0262793 -0.0403521 -0.0280723 -0.0395291 0.0568723 -0.0059972 0.0033365 0.0256585 0.0052405 -0.0130303 -0.0148932 0.0090607 0.0196827 -0.0003430 -0.0441688 -0.0068404 -0.0426235 -0.0324592 -0.0312702 -0.0157763 -0.0111338 -0.0282710 -0.0017918 -0.0406052 -0.0078553 -0.0318658 0.0017256 0.0285605 0.0253162 -0.0010751 0.0037280 -0.0165390 0.0122613 0.0474127 0.0045411 0.0959731 0.1016092 0.0032689 0.0113875 0.0069527 0.0439693 0.0125296 0.1599505 0.0236225 0.0670395 0.0319016 0.0313992 0.0122142 0.1117661 0.0271919 0.1301073
-0.0203821 -0.0239646 -0.0268733 -0.0279452 -0.0250538 -0.0242597 -0.0251108 -0.0267892 -0.0309065 -0.0270601 -0.0291178 -0.0268940 -0.0250484 -0.0240649 -0.0194912 -0.0215946 0.0376152 0.0408906 0.0367840 0.0577625 0.0540011 1.0248851 0.0502675 0.0567463 -0.0362383 -0.0229150 -0.0314154 -0.0219525 -0.0354804 -0.0390252 -0.0387347 -0.0342487 -0.0373270 -0.0139389 -0.0217622 -0.0303050 -0.0294386 -0.0248258 -0.0367900 -0.0284139 -0.0239819 -0.0311184 -0.0279843 -0.0192096 -0.0203715 -0.0333865 -0.0267318 -0.0226153 0.0284018 -0.0153814 0.0050095 0.0076497 0.0063010 -0.0102397 -0.0192158 -0.0051921 -0.0015707 0.0070546 -0.0200348 0.0016971 -0.0368985 -0.0233527 -0.0224499 -0.0221653 -0.0231799 -0.0231720 -0.0120987 -0.0229423 -0.0169704 -0.0217134 -0.0180035 0.0035631 0.0047811 -0.0057239 -0.0051630 -0.0103491 -0.0000268 0.0262131 0.0199908 0.0506262 0.0431897 -0.0086667 -0.0051137 0.0010892 0.0153342 0.0083911 0.0791247 0.0049002 0.0212900 0.0152555 0.0166634 -0.0014932 0.0573956 -0.0048193 0.0686503
-0.0404305 -0.0408188 -0.0445466 -0.0412415 -0.0463241 -0.0424917 -0.0460240 -0.0456258 -0.0441961 -0.0448072 -0.0430573 -0.0406522 -0.0431581 -0.0425954 -0.0392458 -0.0412733 0.0570326 0.0472667 0.0408595 0.0766276 0.0665874 0.0502675 1.0563859 0.0606249 -0.0416660 -0.0395209 -0.0417346 -0.0366862 -0.0399987 -0.0443908 -0.0416795 -0.0384806 -0.0430216 -0.0201978 -0.0301997 -0.0473600 -0.0388670 -0.0348655 -0.0451305 -0.0375948 -0.0181791 -0.0267914 -0.0329394 -0.0194783 -0.0272291 -0.0331230 -0.0288700 -0.0252319 0.0322477 -0.0053302 0.0116351 0.0132665 0.0005822 -0.0048297 -0.0119398 0.0056327 0.0043068 0.0243082 -0.0241246 0.0011110 -0.0397696 -0.0283857 -0.0281814 -0.0266410 -0.0165993 -0.0183313 -0.0070361 -0.0256028 -0.0111992 -0.0260991 -0.0125553 0.0172183 0.0095186 0.0058619 -0.0048100 -0.0124132 0.0086462 0.0224942 0.0120189 0.0834446 0.0734149 0.0026903 0.0050650 0.0066403 0.0388512 0.0158604 0.1195254 0.0258662 0.0526251 0.0220695 0.0232790 0.0017790 0.0835847 0.0045380 0.1112615
-0.0328696 -0.0433482 -0.0446131 -0.0374362 -0.0439776 -0.0417551 -0.0452868 -0.0503316 -0.0428816 -0.0429944 -0.0461061 -0.0443257 -0.0444083 -0.0404876 -0.0398071 -0.0399935 0.0771773 0.0457900 0.0426465 0.0568770 0.0702013 0.0567463 0.0606249 1.0565079 -0.0379350 -0.0262420 -0.0401921 -0.0278131 -0.0357011 -0.0415471 -0.0470988 -0.0326926 -0.0495174 -0.0200831 -0.0337314 -0.0401537 -0.0312630 -0.0309271 -0.0382982 -0.0379024 -0.0161602 -0.0284282 -0.0334478 -0.0200737 -0.0183243 -0.0317625 -0.0205900 -0.0343408 0.0290350 -0.0106828 0.0101650 0.0196913 -0.0080346 -0.0040692 -0.0002943 0.0013486 0.0127612 0.0064786 -0.0323345 -0.0121247 -0.0322836 -0.0282192 -0.0278588 -0.0273624 -0.0151167 -0.0267264 -0.0072237 -0.0337001 -0.0070192 -0.0202260 -0.0044759 0.0211518 0.0203611 -0.0072480 -0.0050280 -0.0044239 0.0074714 0.0298180 -0.0004486 0.0730779 0.0631137 -0.0021674 0.0036443 -0.0065386 0.0422271 0.0073831 0.1194888 0.0074734 0.0323292 0.0298147 0.0291692 -0.0029744 0.0775967 0.0091070 0.0976598
0.0299023 0.0303145 0.0295585 0.0303695 0.0347950 0.0325066 0.0309627 0.0319976 0.0360236 0.0296834 0.0330899 0.0294692 0.0313407 0.0318201 0.0285078 0.0304808 -0.0494011 -0.0312824 -0.0300325 -0.0402301 -0.0477905 -0.0362383 -0.0416660 -0.0379350 0.8439170 0.0229149 0.0306184 0.0429859 0.0569796 0.0675723 0.0673966 0.0438046 0.0260934 0.0181296 0.0148546 0.0286516 0.0162145 0.0185048 0.0140935 0.0221783 0.0044114 0.0087151 0.0153539 0.0053571 0.0132823 0.0210630 0.0062339 0.0038200 -0.0457102 -0.0119788 -0.0214461 -0.0232491 -0.0211608 -0.0075055 -0.0156309 -0.0176351 -0.0239802 -0.0229849 0.0068772 -0.0126878 0.0061567 -0.0016316 0.0002439 0.0027432 -0.0059118 0.0061192 -0.0134501 0.0016553 -0.0062303 0.0167393 -0.0139329 -0.0322202 -0.0350955 -0.0117385 -0.0167684 -0.0079560 -0.0256458 -0.0386430 -0.0264378 -0.0786639 -0.0927999 -0.0167425 -0.0153574 -0.0095943 -0.0525554 -0.0308656 -0.1230163 -0.0244517 -0.0571516 -0.0467425 -0.0480362 -0.0153919 -0.0907892 -0.0225188 -0.1093785
0.0248632 0.0221119 0.0233034 0.0220424 0.0256237 0.0255632 0.0255873 0.0294497 0.0275756 0.0270668 0.0252554 0.0233297 0.0233198 0.0210118 0.0236451 0.0296350 -0.0445755 -0.0361194 -0.0248766 -0.0369274 -0.0390467 -0.0229150 -0.0395209 -0.0262420 0.0229149 0.8553931 0.0636314 0.0129229 0.0313716 0.0202775 0.0316499 0.0215415 0.0230135 0.0154478 0.0065965 0.0266114 0.0132688 0.0144526 0.0163535 0.0211276 0.0028699 0.0103486 0.0095606 -0.0012670 0.0054374 0.0183820 0.0078782 -0.0018789 -0.0377749 -0.0028888 -0.0118797 -0.0199499 -0.0060733 -0.0008390 -0.0005049 -0.0202157 -0.0198833 -0.0150054 0.0086773 -0.0069018 0.0198508 0.0085035 0.0090978 -0.0008885 -0.0036725 0.0024620 -0.0162783 -0.0011529 -0.0161566 0.0065377 -0.0158682 -0.0305248 -0.0204281 -0.0077691 -0.0080337 -0.0134368 -0.0189770 -0.0387054 -0.0163443 -0.0627003 -0.0719417 -0.0093655 -0.0201645 -0.0066188 -0.0390428 -0.0178992 -0.1148371 -0.0202346 -0.0472416 -0.0397992 -0.0379989 -0.0101048 -0.0709345 -0.0252023 -0.0925679
0.0271092 0.0282446 0.0331085 0.0302718 0.0332581 0.0321665 0.0323550 0.0332413 0.0333023 0.0295415 0.0314350 0.0290481 0.0341890 0.0289894 0.0323733 0.0313580 -0.0496085 -0.0348293 -0.0247298 -0.0426174 -0.0397553 -0.0314154 -0.0417346 -0.0401921 0.0306184 0.0636314 0.8518358 0.0233201 0.0280332 0.0317085 0.0327795 0.0310631 0.0255034 0.0172593 0.0116013 0.0218727 0.0187062 0.0145652 0.0184639 0.0246889 0.0038433 0.0120865 0.0138283 0.0066407 0.0092744 0.0141877 0.0088897 0.0044494 -0.0454776 -0.0069832 -0.0238290 -0.0179636 -0.0175892 -0.0099510 -0.0107987 -0.0242479 -0.0239114 -0.0122370 0.0052047 -0.0015384 0.0138923 0.0057637 0.0046434 0.0096081 0.0003747 -0.0023445 -0.0117340 0.0021214 -0.0102644 0.0137955 -0.0088103 -0.0338884 -0.0336975 -0.0080071 -0.0089395 -0.0074957 -0.0235897 -0.0392717 -0.0209048 -0.0827167 -0.0890384 -0.0139121 -0.0161519 -0.0105597 -0.0426258 -0.0253758 -0.1199636 -0.0279113 -0.0508758 -0.0466251 -0.0455165 -0.0138143 -0.0830326 -0.0201645 -0.1006139
0.0151110 0.0205797 0.0237091 0.0237866 0.0214217 0.0241375 0.0227078 0.0243400 0.0267090 0.0234588 0.0280088 0.0223803 0.0237828 0.0238377 0.0232738 0.0237515 -0.0337475 -0.0301366 -0.0281314 -0.0367708 -0.0413461 -0.0219525 -0.0366862 -0.0278131 0.0429859 0.0129229 0.0233201 0.8648139 0.0571898 0.0378527 0.0337006 0.0462855 0.0081204 0.0141133 0.0032757 0.0198712 0.0162486 0.0120579 0.0142851 0.0044834 0.0154747 0.0099173 0.0116214 0.0025841 0.0044781 0.0239340 0.0229659 0.0048702 -0.0419565 -0.0122236 -0.0061843 -0.0137262 -0.0081833 0.0080212 -0.0046139 -0.0268880 -0.0166489 -0.0187135 0.0074087 -0.0114621 0.0106250 0.0060560 0.0045225 0.0015995 -0.0047663 -0.0016814 -0.0221910 0.0047494 -0.0123521 0.0118164 -0.0133656 -0.0218018 -0.0141713 -0.0114552 -0.0143417 -0.0080103 -0.0212942 -0.0370318 -0.0213373 -0.0696106 -0.0692384 -0.0150284 -0.0159551 -0.0124071 -0.0441449 -0.0233440 -0.1001747 -0.0236746 -0.0577041 -0.0439699 -0.0430749 -0.0220140 -0.0770333 -0.0228755 -0.0889191
0.0240286 0.0257347 0.0246896 0.0286866 0.0259861 0.0285120 0.0256038 0.0263276 0.0284900 0.0237012 0.0283504 0.0250562 0.0266643 0.0260865 0.0251209 0.0277270 -0.0485275 -0.0292875 -0.0270377 -0.0427859 -0.0456776 -0.0354804 -0.0399987 -0.0357011 0.0569796 0.0313716 0.0280332 0.0571898 0.8593129 0.0490908 0.0429820 0.0591958 0.0162205 0.0159731 0.0063777 0.0205544 0.0136323 0.0180658 0.0171828 0.0120362 0.0085971 -0.0007880 0.0115348 0.0014102 0.0051307 0.0152249 0.0052688 0.0004298 -0.0293470 -0.0105607 -0.0128313 -0.0294969 -0.0074073 0.0029454 -0.0097053 -0.0219525 -0.0190441 -0.0115489 0.0079597 -0.0094806 0.0162220 0.0080606 0.0091795 0.0080828 -0.0061025 0.0023032 -0.0184955 0.0000997 -0.0164501 0.0142619 -0.0133690 -0.0254309 -0.0260658 -0.0089331 -0.0147382 -0.0103993 -0.0199283 -0.0398764 -0.0168366 -0.0703082 -0.0744933 -0.0122957 -0.0216383 -0.0088105 -0.0460511 -0.0328179 -0.1130613 -0.0298595 -0.0492911 -0.0419489 -0.0429351 -0.0198767 -0.0810860 -0.0255896 -0.0951189
0.0220653 0.0282902 0.0297370 0.0274050 0.0291569 0.0292942 0.0302006 0.0268322 0.0322180 0.0275159 0.0279433 0.0287144 0.0278508 0.0261101 0.0283101 0.0297568 -0.0468464 -0.0376016 -0.0352314 -0.0452494 -0.0568909 -0.0390252 -0.0443908 -0.0415471 0.0675723 0.0202775 0.0317085 0.0378527 0.0490908 0.8572489 0.0622821 0.0431137 0.0131035 0.0167916 0.0112610 0.0234839 0.0178469 0.0273994 0.0137732 0.0230511 0.0037000 0.0100618 0.0187006 0.0066738 0.0110346 0.0168879 0.0123295 0.0126161 -0.0424574 -0.0123317 -0.0194576 -0.0177161 -0.0115082 -0.0035790 -0.0021212 -0.0230220 -0.0267975 -0.0181429 0.0027198 -0.0123560 0.0181015 0.0097049 0.0093788 0.0110743 -0.0077073 0.0046019 -0.0136150 0.0128461 -0.0038353 0.0196235 -0.0087152 -0.0330019 -0.0237378 -0.0158827 -0.0198345 0.0022883 -0.0265847 -0.0387284 -0.0229036 -0.0803361 -0.0824300 -0.0099263 -0.0144854 -0.0148907 -0.0435916 -0.0243954 -0.1225904 -0.0254864 -0.0569771 -0.0461070 -0.0453635 -0.0189450 -0.0852803 -0.0228585 -0.1057486
0.0322491 0.0328248 0.0385739 0.0363802 0.0406194 0.0354004 0.0368761 0.0391786 0.0400605 0.0318369 0.0374242 0.0348843 0.0366450 0.0318425 0.0375310 0.0382163 -0.0606973 -0.0422027 -0.0334585 -0.0529088 -0.0525286 -0.0387347 -0.0416795 -0.0470988 0.0673966 0.0316499 0.0327795 0.0337006 0.0429820 0.0622821 0.8430810 0.0407575 0.0236181 0.0208964 0.0130815 0.0338925 0.0236630 0.0251333 0.0264116 0.0248660 0.0080595 0.0094764 0.0232622 0.0078629 0.0154960 0.0276828 0.0116840 0.0109312 -0.0568817 -0.0049562 -0.0191472 -0.0160563 -0.0124536 -0.0036503 -0.0058429 -0.0201400 -0.0320733 -0.0224660 0.0193224 -0.0109976 0.0136084 0.0057825 0.0066429 0.0007983 -0.0033482 0.0029175 -0.0178227 0.0107825 -0.0081998 0.0249806 -0.0133578 -0.0390473 -0.0302596 -0.0079673 -0.0113956 -0.0111513 -0.0266306 -0.0457924 -0.0262222 -0.0900151 -0.0996659 -0.0178580 -0.0229530 -0.0083299 -0.0574042 -0.0330196 -0.1355081 -0.0292995 -0.0626850 -0.0482505 -0.0490212 -0.0193888 -0.1042251 -0.0178471 -0.1215041
0.0232536 0.0256851 0.0210876 0.0244412 0.0259872 0.0230189 0.0252852 0.0261545 0.0284362 0.0239413 0.0251679 0.0233033 0.0249604 0.0231519 0.0219632 0.0294972 -0.0525232 -0.0377153 -0.0322871 -0.0438136 -0.0503524 -0.0342487 -0.0384806 -0.0326926 0.0438046 0.0215415 0.0310631 0.0462855 0.0591958 0.0431137 0.0407575 0.8634360 0.0222069 0.0149312 0.0025334 0.0253862 0.0155667 0.0174568 0.0190555 0.0116462 0.0022893 0.0060559 0.0098661 0.0048252 0.0057368 0.0198065 0.0085354 0.0009423 -0.0406744 -0.0073901 -0.0187708 -0.0144096 -0.0160883 0.0023943 -0.0058227 -0.0171212 -0.0213734 -0.0096928 0.0022456 -0.0044214 0.0142539 0.0142297 0.0138889 -0.0001662 -0.0069290 0.0002657 -0.0060977 0.0012160 -0.0072015 0.0124524 -0.0017234 -0.0250356 -0.0240563 -0.0133457 -0.0177431 0.0023113 -0.0170878 -0.0353898 -0.0246366 -0.0647642 -0.0726738 -0.0130840 -0.0222512 -0.0133231 -0.0412253 -0.0287227 -0.1034129 -0.0297947 -0.0438074 -0.0495434 -0.0504431 -0.0184648 -0.0720387 -0.0137133 -0.0907010
0.0249558 0.0247499 0.0327267 0.0271129 0.0308348 0.0314096 0.0315469 0.0325269 0.0303320 0.0288669 0.0314046 0.0287464 0.0309065 0.0249446 0.0279639 0.0356013 -0.0567025 -0.0370781 -0.0349012 -0.0453892 -0.0551210 -0.0373270 -0.0430216 -0.0495174 0.0260934 0.0230135 0.0255034 0.0081204 0.0162205 0.0131035 0.0236181 0.0222069 0.8380703 0.0171594 0.0188219 0.0372804 0.0193285 0.0297735 0.0308976 0.0315005 0.0082786 0.0149106 0.0212845 0.0081582 0.0147468 0.0152181 0.0055823 0.0128589 -0.0426705 0.0025598 -0.0145570 -0.0233145 -0.0107484 -0.0035842 -0.0073680 -0.0189606 -0.0212478 -0.0174972 0.0185304 -0.0135870 0.0144204 0.0096169 0.0099734 0.0075147 -0.0003003 0.0049697 -0.0088946 0.0100031 -0.0093894 0.0165347 -0.0098851 -0.0294566 -0.0297570 -0.0053455 -0.0111626 -0.0079331 -0.0219198 -0.0378245 -0.0230323 -0.0767108 -0.0774806 -0.0162437 -0.0178288 -0.0101186 -0.0450562 -0.0199361 -0.1254982 -0.0203164 -0.0506197 -0.0385815 -0.0404644 -0.0172847 -0.0909174 -0.0259189 -0.0944988
0.0247785 0.0258772 0.0281408 0.0249663 0.0282802 0.0276023 0.0293683 0.0291463 0.0278343 0.0273422 0.0272871 0.0280957 0.0279209 0.0270809 0.0251096 0.0248076 -0.0258066 -0.0160065 -0.0136915 -0.0213870 -0.0259299 -0.0139389 -0.0201978 -0.0200831 0.0181296 0.0154478 0.0172593 0.0141133 0.0159731 0.0167916 0.0208964 0.0149312 0.0171594 0.9551938 0.0100194 0.0189349 0.0136099 0.0145857 0.0154169 0.0145938 0.0080188 0.0084709 0.0124234 0.0053792 0.0088967 0.0132703 0.0085403 0.0085724 -0.0259754 -0.0014956 -0.0068871 -0.0110442 -0.0055014 -0.0007031 -0.0025140 -0.0110312 -0.0138340 -0.0086881 0.0105698 -0.0043300 0.0123040 0.0084768 0.0088485 0.0031196 0.0000256 0.0047740 -0.0063765 0.0087100 -0.0050092 0.0108096 -0.0065060 -0.0177710 -0.0166699 -0.0021613 -0.0048431 -0.0039293 -0.0111662 -0.0229397 -0.0098758 -0.0513775 -0.0541776 -0.0082391 -0.0109940 -0.0035786 -0.0277873 -0.0157282 -0.0756930 -0.0138752 -0.0326782 -0.0253480 -0.0252039 -0.0088771 -0.0521872 -0.0132952 -0.0644866
0.0116072 0.0143775 0.0147780 0.0157038 0.0122982 0.0107997 0.0152744 0.0148004 0.0129712 0.0120595 0.0144280 0.0142221 0.0102085 0.0128117 0.0158758 0.0181635 -0.0241709 -0.0273223 -0.0257375 -0.0301949 -0.0335292 -0.0217622 -0.0301997 -0.0337314 0.0148546 0.0065965 0.0116013 0.0032757 0.0063777 0.0112610 0.0130815 0.0025334 0.0188219 0.0100194 0.8797948 0.0189549 0.0149768 0.0138074 0.0074065 0.0145194 -0.0018353 -0.0018727 0.0126205 -0.0086980 0.0026354 0.0017907 0.0012520 0.0020983 -0.0233269 -0.0065039 -0.0063388 -0.0167884 -0.0055773 -0.0022574 -0.0065244 -0.0135921 -0.0052637 -0.0014176 0.0052485 -0.0025736 0.0045475 -0.0017504 -0.0019585 0.0015177 -0.0054115 0.0013242 -0.0112454 0.0031138 -0.0078266 0.0117140 -0.0061512 -0.0151867 -0.0224766 -0.0060747 -0.0102799 -0.0046536 -0.0071080 -0.0181063 -0.0047634 -0.0491473 -0.0496233 -0.0064012 -0.0027490 -0.0006850 -0.0206619 -0.0154070 -0.0733091 -0.0171304 -0.0231010 -0.0289394 -0.0293674 -0.0087065 -0.0541615 -0.0082980 -0.0582308
0.0302607 0.0318061 0.0376955 0.0311832 0.0370738 0.0327745 0.0369962 0.0386659 0.0372725 0.0372274 0.0379768 0.0384382 0.0375835 0.0363877 0.0325739 0.0371038 -0.0518873 -0.0390588 -0.0261881 -0.0437542 -0.0511004 -0.0303050 -0.0473600 -0.0401537 0.0286516 0.0266114 0.0218727 0.0198712 0.0205544 0.0234839 0.0338925 0.0253862 0.0372804 0.0189349 0.0189549 0.8507476 0.0281490 0.0249767 0.0298471 0.0264995 0.0089871 0.0099513 0.0220779 0.0048696 0.0109803 0.0182389 0.0126129 0.0048171 -0.0412580 -0.0021626 -0.0145308 -0.0233367 -0.0067248 -0.0028875 -0.0106788 -0.0102467 -0.0275224 -0.0195932 0.0178692 -0.0128682 0.0174323 0.0145999 0.0136910 0.0027564 0.0040709 0.0109436 -0.0134069 0.0068528 -0.0086229 0.0228671 -0.0157583 -0.0289238 -0.0271539 -0.0103493 -0.0100539 -0.0084788 -0.0222504 -0.0382767 -0.0209034 -0.0903719 -0.0916026 -0.0131622 -0.0175043 -0.0111903 -0.0485818 -0.0329776 -0.1297075 -0.0260688 -0.0604811 -0.0482020 -0.0483619 -0.0194223 -0.0956363 -0.0289539 -0.1150734
0.0211548 0.0195766 0.0241998 0.0221195 0.0229538 0.0174687 0.0185810 0.0223223 0.0242410 0.0199056 0.0250456 0.0229998 0.0240454 0.0233517 0.0205491 0.0228419 -0.0325124 -0.0269291 -0.0293778 -0.0241145 -0.0452446 -0.0294386 -0.0388670 -0.0312630 0.0162145 0.0132688 0.0187062 0.0162486 0.0136323 0.0178469 0.0236630 0.0155667 0.0193285 0.0136099 0.0149768 0.0281490 0.8612382 0.0176685 0.0256677 0.0190175 -0.0014630 0.0002086 0.0128528 -0.0018408 0.0108503 0.0090838 0.0001895 0.0025709 -0.0332360 -0.0063322 -0.0119315 -0.0107808 -0.0114702 -0.0003761 -0.0006032 -0.0234335 -0.0218665 -0.0142472 0.0139337 -0.0052128 0.0078668 0.0030266 0.0042477 -0.0012696 0.0051537 0.0016674 -0.0088861 0.0033124 -0.0057691 0.0184336 -0.0101119 -0.0196805 -0.0204878 -0.0051180 -0.0050599 -0.0046722 -0.0141966 -0.0339462 -0.0191260 -0.0786673 -0.0803009 -0.0134131 -0.0202515 -0.0035293 -0.0313295 -0.0254849 -0.0993469 -0.0132373 -0.0358486 -0.0357109 -0.0352483 -0.0136502 -0.0746215 -0.0159454 -0.0852803
0.0218849 0.0252964 0.0224510 0.0266621 0.0260827 0.0220039 0.0242955 0.0247068 0.0262165 0.0247216 0.0249103 0.0233931 0.0260294 0.0227488 0.0267713 0.0265407 -0.0346767 -0.0314922 -0.0301112 -0.0379561 -0.0403768 -0.0248258 -0.0348655 -0.0309271 0.0185048 0.0144526 0.0145652 0.0120579 0.0180658 0.0273994 0.0251333 0.0174568 0.0297735 0.0145857 0.0138074 0.0249767 0.0176685 0.8692220 0.0229138 0.0261836 0.0025675 0.0113261 0.0209794 0.0037311 0.0062519 0.0143950 0.0094085 0.0037946 -0.0358615 -0.0010310 -0.0098448 -0.0115513 -0.0092579 -0.0054366 -0.0007685 -0.0154660 -0.0221102 -0.0117594 0.0107065 -0.0148722 0.0112326 0.0053448 0.0054477 0.0017943 -0.0050078 0.0069111 -0.0079988 0.0036674 -0.0025341 0.0202037 -0.0105673 -0.0306143 -0.0203339 -0.0038666 -0.0093980 -0.0110736 -0.0197714 -0.0229990 -0.0141175 -0.0709838 -0.0838892 -0.0107919 -0.0191578 -0.0015543 -0.0331701 -0.0289831 -0.1016362 -0.0190396 -0.0406603 -0.0287712 -0.0294067 -0.0188158 -0.0771263 -0.0201871 -0.0888765
0.0246506 0.0241440 0.0277677 0.0266974 0.0310130 0.0208548 0.0269424 0.0279487 0.0257820 0.0287453 0.0289246 0.0261659 0.0278857 0.0232704 0.0254565 0.0261712 -0.0444782 -0.0349475 -0.0325033 -0.0389362 -0.0464410 -0.0367900 -0.0451305 -0.0382982 0.0140935 0.0163535 0.0184639 0.0142851 0.0171828 0.0137732 0.0264116 0.0190555 0.0308976 0.0154169 0.0074065 0.0298471 0.0256677 0.0229138 0.8481734 0.0228210 0.0023037 0.0041596 0.0124710 0.0088673 0.0052808 0.0228160 0.0074614 0.0116592 -0.0457975 -0.0001126 -0.0102136 -0.0090200 -0.0114275 -0.0034857 0.0032622 -0.0134154 -0.0169269 -0.0213430 0.0123049 -0.0174575 0.0152397 0.0066655 0.0059918 0.0073983 0.0022599 0.0046029 -0.0143201 0.0096687 -0.0113115 0.0065226 -0.0151207 -0.0298513 -0.0291037 -0.0058526 -0.0080209 -0.0107843 -0.0105355 -0.0378401 -0.0141395 -0.0652114 -0.0731071 -0.0175701 -0.0238255 -0.0017516 -0.0453839 -0.0212660 -0.1159206 -0.0242233 -0.0527754 -0.0322583 -0.0332696 -0.0122471 -0.0823392 -0.0281684 -0.0871450
