0.8548963 0.1777245 0.1471889 0.1651242 0.1486830 0.1439073 0.1493278 0.1525710 0.1489510 0.1422860 0.1457532 0.1514532 0.1395212 0.1397955 0.1344386 0.1366294 0.0356744 0.0560660 0.0583009 0.0471044 0.0430968 0.0697960 0.0499342 0.0552211 0.0704506 0.0671602 0.0692687 0.0544621 0.0595592 0.0522807 0.0646491 0.0532629 0.0666001 0.0555503 0.0539102 0.0707169 0.0630284 0.0602148 0.0670987 0.0587482 0.0577605 0.0485607 0.0498752 0.0492376 0.0658775 0.0588587 0.0518695 0.0333040 -0.0138653 0.0331800 0.0194705 0.0076483 0.0164678 0.0340155 0.0214247 0.0085009 -0.0009207 0.0109487 0.0389198 0.0209085 0.0374372 0.0194659 0.0196895 0.0387610 0.0203059 0.0385554 0.0118504 0.0344213 0.0061996 0.0533507 0.0133350 -0.0073558 -0.0049308 0.0351902 0.0178831 0.0176046 0.0108304 -0.0120803 0.0139919 -0.0711275 -0.0777898 0.0050351 0.0061627 0.0220013 -0.0290975 -0.0054692 -0.1228932 0.0011658 -0.0339345 -0.0252894 -0.0252744 0.0129868 -0.0675730 0.0029240 -0.1034333 -0.2801720 -0.2825029 -0.2805081 -0.2795246 -0.2802004 -0.2793638 -0.2786207 -0.2809679 -0.2824094 -0.2845662 -0.2844215 -0.2846474 -0.2852132 -0.2851446 -0.2871628 -0.2833396 -0.2897587 -0.2847095
0.1777245 0.8456433 0.1417042 0.1705228 0.1461822 0.1432228 0.1488730 0.1498910 0.1473796 0.1436419 0.1472096 0.1490089 0.1429904 0.1407141 0.1318498 0.1389145 0.0279738 0.0536008 0.0551523 0.0456355 0.0374264 0.0625707 0.0473811 0.0438415 0.0741483 0.0680417 0.0740413 0.0625395 0.0650353 0.0617613 0.0686185 0.0590080 0.0686820 0.0579007 0.0588427 0.0748387 0.0638151 0.0657284 0.0693155 0.0656519 0.0597589 0.0543327 0.0532804 0.0520183 0.0653521 0.0639774 0.0518128 0.0315449 -0.0124499 0.0400192 0.0203665 0.0089217 0.0206526 0.0355818 0.0239753 0.0111832 0.0004504 0.0143807 0.0459459 0.0244153 0.0424989 0.0284069 0.0278816 0.0405137 0.0267150 0.0429117 0.0183329 0.0350339 0.0105528 0.0585129 0.0142321 -0.0072228 -0.0014360 0.0353614 0.0211944 0.0250712 0.0133422 -0.0106560 0.0170593 -0.0732031 -0.0778966 0.0083965 0.0088716 0.0215530 -0.0301742 -0.0008480 -0.1255181 0.0060108 -0.0334294 -0.0268550 -0.0269760 0.0165570 -0.0709135 0.0079401 -0.1046147 -0.2893624 -0.2948422 -0.2902752 -0.2883912 -0.2892735 -0.2879046 -0.2909130 -0.2926613 -0.2920890 -0.2943082 -0.2931118 -0.2972123 -0.2940511 -0.2955441 -0.2953531 -0.2953838 -0.3007403 -0.2952723
0.1471889 0.1417042 0.8507776 0.1381552 0.1872265 0.1810622 0.2027802 0.1887373 0.1538209 0.1496757 0.1497498 0.1509203 0.1495125 0.1466727 0.1416331 0.1403936 0.0363567 0.0564172 0.0650437 0.0496027 0.0447077 0.0696547 0.0538479 0.0513108 0.0696834 0.0661094 0.0746797 0.0614936 0.0598142 0.0579400 0.0687613 0.0496323 0.0721661 0.0578505 0.0562534 0.0766136 0.0651303 0.0602885 0.0697886 0.0668314 0.0618504 0.0495069 0.0517555 0.0500960 0.0680362 0.0621611 0.0498236 0.0313715 -0.0136816 0.0352119 0.0223089 0.0041287 0.0210178 0.0350425 0.0206281 0.0089885 0.0005879 0.0108552 0.0362455 0.0195545 0.0360656 0.0171110 0.0186030 0.0356751 0.0199673 0.0340617 0.0114791 0.0345943 0.0028259 0.0522387 0.0105169 -0.0083608 -0.0054904 0.0383604 0.0232578 0.0183452 0.0083315 -0.0131082 0.0163738 -0.0772917 -0.0863377 0.0038520 0.0096671 0.0182979 -0.0338936 -0.0020108 -0.1274202 -0.0039763 -0.0364799 -0.0213175 -0.0209536 0.0122666 -0.0712036 -0.0016724 -0.1074151 -0.2891946 -0.2932850 -0.2903584 -0.2895117 -0.2903319 -0.2870816 -0.2906584 -0.2912522 -0.2912173 -0.2951438 -0.2940187 -0.2964668 -0.2950406 -0.2952944 -0.2964000 -0.2930366 -0.3008171 -0.2957871
0.1651242 0.1705228 0.1381552 0.8575512 0.1390489 0.1361329 0.1412636 0.1449735 0.1416678 0.1347408 0.1400284 0.1384601 0.1344201 0.1334060 0.1294248 0.1321174 0.0296644 0.0510150 0.0544749 0.0416527 0.0363397 0.0584149 0.0445619 0.0471062 0.0722489 0.0659931 0.0736520 0.0631946 0.0657863 0.0593501 0.0700933 0.0563598 0.0698156 0.0574004 0.0587809 0.0729171 0.0651822 0.0667028 0.0700073 0.0642439 0.0609089 0.0526384 0.0598960 0.0523604 0.0671798 0.0607997 0.0531472 0.0370245 -0.0095500 0.0382266 0.0255615 0.0068679 0.0214142 0.0339418 0.0287654 0.0110111 0.0010581 0.0142201 0.0444121 0.0283437 0.0402911 0.0250978 0.0260956 0.0425450 0.0299195 0.0397051 0.0141058 0.0403065 0.0100964 0.0592353 0.0152441 -0.0039356 -0.0032306 0.0389978 0.0234818 0.0230464 0.0120832 -0.0075538 0.0166518 -0.0708720 -0.0766118 0.0089399 0.0144528 0.0231870 -0.0289703 -0.0015808 -0.1243179 0.0065577 -0.0334669 -0.0192628 -0.0198115 0.0192151 -0.0701194 0.0060088 -0.1011230 -0.2860015 -0.2884453 -0.2855211 -0.2825959 -0.2840039 -0.2832447 -0.2848690 -0.2859634 -0.2866006 -0.2903697 -0.2892675 -0.2907645 -0.2900620 -0.2902294 -0.2911885 -0.2874301 -0.2959340 -0.2888873
0.1486830 0.1461822 0.1872265 0.1390489 0.8694094 0.1957010 0.2018562 0.1988752 0.1574282 0.1500096 0.1538328 0.1540856 0.1518973 0.1512558 0.1373067 0.1423839 0.0368944 0.0635682 0.0658869 0.0549471 0.0491316 0.0766149 0.0568845 0.0569251 0.0718788 0.0656915 0.0724097 0.0570616 0.0580740 0.0542349 0.0672146 0.0511621 0.0678764 0.0570278 0.0523832 0.0735870 0.0612206 0.0619870 0.0699912 0.0629323 0.0640228 0.0496543 0.0492726 0.0513702 0.0666660 0.0574563 0.0490822 0.0280981 -0.0119634 0.0349255 0.0183180 0.0075013 0.0187421 0.0368404 0.0190705 0.0068495 -0.0012960 0.0096417 0.0340480 0.0137007 0.0326135 0.0164676 0.0161639 0.0349044 0.0228979 0.0366266 0.0092319 0.0302944 0.0031141 0.0561591 0.0091916 -0.0104724 -0.0106196 0.0384723 0.0218478 0.0182679 0.0083318 -0.0138898 0.0148582 -0.0804922 -0.0878105 0.0027440 0.0060405 0.0147683 -0.0331558 -0.0024338 -0.1250348 -0.0029155 -0.0367396 -0.0243082 -0.0240530 0.0128252 -0.0733421 -0.0046496 -0.1043055 -0.2895454 -0.2903737 -0.2890311 -0.2865649 -0.2878315 -0.2850868 -0.2906135 -0.2888363 -0.2876778 -0.2915182 -0.2931473 -0.2939970 -0.2927269 -0.2934644 -0.2932591 -0.2902551 -0.2979203 -0.2934377
0.1439073 0.1432228 0.1810622 0.1361329 0.1957010 0.8557202 0.1933817 0.1926761 0.1548714 0.1468619 0.1503040 0.1519134 0.1476885 0.1454300 0.1364606 0.1427263 0.0366092 0.0573154 0.0588624 0.0489363 0.0469489 0.0703079 0.0547283 0.0526258 0.0723382 0.0681625 0.0741934 0.0624003 0.0642845 0.0582284 0.0662751 0.0533017 0.0700784 0.0558117 0.0521515 0.0719326 0.0585258 0.0585146 0.0624980 0.0624631 0.0643973 0.0522822 0.0511982 0.0505048 0.0668339 0.0623657 0.0527130 0.0219584 -0.0140063 0.0303929 0.0152464 0.0095156 0.0172484 0.0361991 0.0174385 0.0088731 -0.0046118 0.0091044 0.0364276 0.0183889 0.0387438 0.0202726 0.0212840 0.0343461 0.0201026 0.0379297 0.0093490 0.0256801 0.0067466 0.0536701 0.0083566 -0.0091367 -0.0089169 0.0373801 0.0186554 0.0195077 0.0101234 -0.0177373 0.0153444 -0.0786662 -0.0867196 0.0050962 0.0081736 0.0175088 -0.0331771 -0.0008167 -0.1236162 -0.0037710 -0.0357008 -0.0412422 -0.0421664 0.0106375 -0.0693223 -0.0043112 -0.1023415 -0.2853623 -0.2868812 -0.2859983 -0.2826506 -0.2842971 -0.2819436 -0.2847585 -0.2866850 -0.2851069 -0.2891218 -0.2892119 -0.2895148 -0.2885349 -0.2918334 -0.2897579 -0.2872857 -0.2934097 -0.2916791
0.1493278 0.1488730 0.2027802 0.1412636 0.2018562 0.1933817 0.8533856 0.2057806 0.1582604 0.1553599 0.1568410 0.1592854 0.1528841 0.1522862 0.1393031 0.1453207 0.0338517 0.0612224 0.0673457 0.0576892 0.0472072 0.0742796 0.0553390 0.0538597 0.0710791 0.0687887 0.0746798 0.0611091 0.0609809 0.0582910 0.0674407 0.0537440 0.0718257 0.0590173 0.0576258 0.0759616 0.0603741 0.0631288 0.0698439 0.0686634 0.0644869 0.0523781 0.0512548 0.0508626 0.0660310 0.0596245 0.0492992 0.0286938 -0.0128308 0.0345596 0.0197498 0.0048812 0.0194431 0.0355638 0.0157685 0.0092050 0.0003998 0.0104035 0.0344699 0.0140577 0.0333496 0.0166438 0.0160993 0.0391960 0.0245432 0.0393379 0.0120367 0.0333080 0.0017652 0.0551420 0.0079858 -0.0111201 -0.0076805 0.0383805 0.0227588 0.0212208 0.0095524 -0.0127838 0.0155316 -0.0790223 -0.0875532 0.0039783 0.0091526 0.0159990 -0.0338290 -0.0011362 -0.1304708 -0.0016839 -0.0390640 -0.0219610 -0.0244424 0.0136368 -0.0741938 -0.0046812 -0.1099917 -0.2978164 -0.3007498 -0.2951576 -0.2955646 -0.2970972 -0.2949029 -0.2985149 -0.2986138 -0.2987121 -0.3002176 -0.3018340 -0.3038775 -0.3017213 -0.3037124 -0.3021970 -0.3017012 -0.3054629 -0.3026611
0.1525710 0.1498910 0.1887373 0.1449735 0.1988752 0.1926761 0.2057806 0.8649127 0.1627889 0.1552196 0.1583888 0.1638705 0.1526076 0.1540563 0.1447566 0.1462158 0.0388331 0.0613317 0.0688676 0.0565549 0.0495654 0.0749763 0.0582239 0.0513318 0.0717707 0.0716866 0.0749559 0.0626003 0.0617308 0.0545061 0.0686145 0.0545382 0.0714936 0.0585719 0.0562386 0.0764009 0.0635543 0.0615613 0.0690832 0.0661556 0.0671261 0.0519241 0.0519660 0.0531998 0.0672595 0.0653526 0.0519663 0.0292273 -0.0141620 0.0344740 0.0165747 0.0104173 0.0165426 0.0370723 0.0203893 0.0081202 -0.0019440 0.0072624 0.0354240 0.0187069 0.0361990 0.0182850 0.0186604 0.0347337 0.0199701 0.0403540 0.0084639 0.0301598 0.0045495 0.0582913 0.0093417 -0.0076870 -0.0074909 0.0410909 0.0208063 0.0201704 0.0111677 -0.0158836 0.0140039 -0.0817190 -0.0888673 0.0029994 0.0085065 0.0183065 -0.0317023 -0.0028615 -0.1289902 0.0013336 -0.0369007 -0.0313297 -0.0327551 0.0113350 -0.0739846 -0.0022215 -0.1060116 -0.2972181 -0.2995855 -0.2958054 -0.2935654 -0.2963636 -0.2950091 -0.2963898 -0.2969835 -0.2971051 -0.2998970 -0.3005348 -0.3011368 -0.3019340 -0.3025618 -0.3030665 -0.3001349 -0.3063582 -0.3018206
0.1489510 0.1473796 0.1538209 0.1416678 0.1574282 0.1548714 0.1582604 0.1627889 0.8907205 0.1858273 0.1964268 0.1887406 0.1884419 0.1832784 0.1461460 0.1519401 0.0441983 0.0671224 0.0705765 0.0614673 0.0537227 0.0762115 0.0641461 0.0619063 0.0724835 0.0671617 0.0719839 0.0615108 0.0597024 0.0553437 0.0657624 0.0537736 0.0649296 0.0557987 0.0509471 0.0725315 0.0608585 0.0590681 0.0631524 0.0597543 0.0643329 0.0486841 0.0469994 0.0534936 0.0685380 0.0621921 0.0532859 0.0252674 -0.0126024 0.0316009 0.0197263 0.0052560 0.0132987 0.0334775 0.0223669 0.0057842 -0.0049092 0.0122250 0.0324821 0.0185519 0.0343981 0.0176120 0.0186575 0.0313266 0.0177987 0.0393550 0.0080879 0.0281601 0.0025597 0.0555409 0.0068543 -0.0094620 -0.0049525 0.0353573 0.0183852 0.0160902 0.0020178 -0.0164406 0.0154664 -0.0801106 -0.0857045 0.0029615 0.0027776 0.0183751 -0.0383009 -0.0057920 -0.1186887 -0.0019367 -0.0395654 -0.0453753 -0.0446779 0.0085596 -0.0724007 -0.0039041 -0.1074183 -0.2866625 -0.2892003 -0.2846825 -0.2835416 -0.2855289 -0.2843583 -0.2855632 -0.2856312 -0.2875561 -0.2898517 -0.2907707 -0.2903842 -0.2917434 -0.2924260 -0.2931603 -0.2904404 -0.2981311 -0.2901513
0.1422860 0.1436419 0.1496757 0.1347408 0.1500096 0.1468619 0.1553599 0.1552196 0.1858273 0.8640502 0.1858999 0.1898234 0.1969519 0.1844534 0.1401423 0.1467660 0.0345906 0.0624150 0.0622847 0.0560800 0.0458820 0.0721207 0.0561604 0.0544540 0.0696864 0.0687676 0.0710694 0.0610509 0.0587500 0.0550127 0.0620999 0.0524211 0.0667541 0.0561563 0.0526366 0.0750179 0.0598296 0.0604302 0.0693158 0.0630849 0.0592729 0.0479274 0.0499974 0.0535045 0.0678933 0.0601310 0.0501913 0.0301389 -0.0153705 0.0345371 0.0190188 0.0078489 0.0148059 0.0368895 0.0189913 0.0089419 -0.0009530 0.0113037 0.0339858 0.0200814 0.0348985 0.0188117 0.0191224 0.0314182 0.0210187 0.0380438 0.0083804 0.0315169 0.0033694 0.0520952 0.0070109 -0.0088585 -0.0055218 0.0340133 0.0176335 0.0202259 0.0072742 -0.0159919 0.0145459 -0.0771383 -0.0831753 0.0035775 0.0071964 0.0202144 -0.0369049 -0.0023382 -0.1226106 -0.0023136 -0.0368605 -0.0356892 -0.0366626 0.0115315 -0.0712704 -0.0032249 -0.1053120 -0.2879010 -0.2895020 -0.2876460 -0.2846614 -0.2867517 -0.2853621 -0.2881032 -0.2867841 -0.2884333 -0.2900794 -0.2929326 -0.2931572 -0.2907190 -0.2933933 -0.2943521 -0.2903896 -0.2991532 -0.2919985
0.1457532 0.1472096 0.1497498 0.1400284 0.1538328 0.1503040 0.1568410 0.1583888 0.1964268 0.1858999 0.8922738 0.2013060 0.1892974 0.1874266 0.1467770 0.1491299 0.0426878 0.0670067 0.0734468 0.0626496 0.0566083 0.0792987 0.0659810 0.0603379 0.0671013 0.0622676 0.0677801 0.0594244 0.0563654 0.0482439 0.0606688 0.0467713 0.0634113 0.0541501 0.0507467 0.0709413 0.0594934 0.0561886 0.0649817 0.0580468 0.0615543 0.0444156 0.0459454 0.0502629 0.0653358 0.0583337 0.0459421 0.0240564 -0.0136491 0.0304867 0.0190478 0.0046940 0.0132942 0.0326006 0.0183586 0.0043698 -0.0078642 0.0112148 0.0304268 0.0168986 0.0259969 0.0085358 0.0076321 0.0317948 0.0153396 0.0343214 0.0063664 0.0265140 -0.0025212 0.0491272 0.0047991 -0.0133787 -0.0084070 0.0327400 0.0170233 0.0133589 0.0023758 -0.0160984 0.0110137 -0.0777787 -0.0841751 -0.0022267 0.0055404 0.0150841 -0.0390985 -0.0075451 -0.1178248 -0.0035100 -0.0423713 -0.0321290 -0.0324914 0.0113742 -0.0729899 -0.0047395 -0.1054615 -0.2779874 -0.2841491 -0.2783635 -0.2775909 -0.2780471 -0.2772539 -0.2805550 -0.2795277 -0.2801785 -0.2821666 -0.2835177 -0.2847077 -0.2824487 -0.2852193 -0.2848293 -0.2847602 -0.2912960 -0.2828208
0.1514532 0.1490089 0.1509203 0.1384601 0.1540856 0.1519134 0.1592854 0.1638705 0.1887406 0.1898234 0.2013060 0.8773817 0.1912125 0.1863853 0.1432386 0.1514020 0.0391691 0.0658703 0.0678993 0.0571764 0.0496528 0.0757579 0.0643442 0.0577775 0.0678718 0.0640605 0.0688310 0.0589025 0.0578691 0.0536322 0.0623304 0.0501379 0.0646677 0.0551007 0.0528060 0.0743484 0.0609614 0.0571440 0.0650524 0.0568055 0.0636108 0.0470145 0.0518657 0.0499026 0.0695788 0.0588899 0.0516063 0.0233635 -0.0192844 0.0301756 0.0198934 0.0074689 0.0153891 0.0373180 0.0177027 0.0046983 -0.0056979 0.0150054 0.0335977 0.0143447 0.0316077 0.0156632 0.0153714 0.0290710 0.0176909 0.0355152 0.0097960 0.0263782 0.0021092 0.0534075 0.0080460 -0.0112611 -0.0082434 0.0292314 0.0141809 0.0177885 0.0034141 -0.0193240 0.0159465 -0.0783602 -0.0841088 0.0012761 0.0036961 0.0139393 -0.0402153 -0.0069551 -0.1197084 -0.0024748 -0.0416914 -0.0428841 -0.0425956 0.0067213 -0.0701357 -0.0035449 -0.1095926 -0.2854146 -0.2877571 -0.2841126 -0.2811159 -0.2842579 -0.2832465 -0.2838117 -0.2848371 -0.2875842 -0.2869912 -0.2878700 -0.2896150 -0.2893718 -0.2892640 -0.2904067 -0.2893016 -0.2942544 -0.2892517
0.1395212 0.1429904 0.1495125 0.1344201 0.1518973 0.1476885 0.1528841 0.1526076 0.1884419 0.1969519 0.1892974 0.1912125 0.8664644 0.1918678 0.1435891 0.1477900 0.0336649 0.0614208 0.0646110 0.0524029 0.0452634 0.0729211 0.0579247 0.0540524 0.0709481 0.0656350 0.0748864 0.0621673 0.0618815 0.0555163 0.0659938 0.0543786 0.0683129 0.0561167 0.0510340 0.0758552 0.0637103 0.0614740 0.0681246 0.0604430 0.0607481 0.0483200 0.0479300 0.0562903 0.0664355 0.0604735 0.0541357 0.0254106 -0.0150009 0.0331254 0.0165884 0.0126080 0.0184269 0.0331116 0.0216016 0.0059656 -0.0026331 0.0123741 0.0383535 0.0187611 0.0373633 0.0188108 0.0203551 0.0282133 0.0212558 0.0401126 0.0092691 0.0288312 0.0039280 0.0553017 0.0091745 -0.0072098 -0.0080840 0.0351919 0.0187088 0.0200069 0.0072998 -0.0166022 0.0169415 -0.0806399 -0.0837155 0.0030097 0.0053240 0.0173863 -0.0382921 -0.0047548 -0.1224751 -0.0026159 -0.0398499 -0.0414150 -0.0426375 0.0093731 -0.0728888 -0.0032535 -0.1066118 -0.2895303 -0.2919853 -0.2885465 -0.2844577 -0.2860323 -0.2875704 -0.2885837 -0.2874387 -0.2886583 -0.2909579 -0.2931044 -0.2929244 -0.2925121 -0.2955189 -0.2953728 -0.2922051 -0.2987430 -0.2938045
0.1397955 0.1407141 0.1466727 0.1334060 0.1512558 0.1454300 0.1522862 0.1540563 0.1832784 0.1844534 0.1874266 0.1863853 0.1918678 0.8673298 0.1426251 0.1399331 0.0390945 0.0643960 0.0683325 0.0530121 0.0460838 0.0746328 0.0575718 0.0570527 0.0711226 0.0623278 0.0693949 0.0605585 0.0593015 0.0529693 0.0615223 0.0508546 0.0634988 0.0555642 0.0531223 0.0736915 0.0629269 0.0586349 0.0639875 0.0640385 0.0613014 0.0466065 0.0511372 0.0529969 0.0659373 0.0616292 0.0507405 0.0296152 -0.0143003 0.0321437 0.0185982 0.0045867 0.0152122 0.0310132 0.0206917 0.0089929 -0.0055836 0.0104557 0.0349469 0.0187239 0.0337781 0.0150379 0.0154170 0.0340007 0.0190461 0.0388678 0.0094402 0.0313663 0.0051535 0.0521434 0.0082805 -0.0110006 -0.0073105 0.0356887 0.0185527 0.0208611 0.0079119 -0.0141753 0.0145538 -0.0791975 -0.0813822 0.0002783 0.0074723 0.0179429 -0.0396730 -0.0030783 -0.1221218 -0.0007271 -0.0415542 -0.0350071 -0.0343532 0.0134342 -0.0742142 0.0036122 -0.1063393 -0.2845945 -0.2874148 -0.2843404 -0.2830353 -0.2845868 -0.2827875 -0.2854496 -0.2854115 -0.2844695 -0.2874233 -0.2880743 -0.2910101 -0.2873662 -0.2917048 -0.2919393 -0.2886242 -0.2955365 -0.2896692
0.1344386 0.1318498 0.1416331 0.1294248 0.1373067 0.1364606 0.1393031 0.1447566 0.1461460 0.1401423 0.1467770 0.1432386 0.1435891 0.1426251 0.8523947 0.1378390 0.0298648 0.0512518 0.0550254 0.0382634 0.0331001 0.0631224 0.0439701 0.0430247 0.0724829 0.0702369 0.0778036 0.0652344 0.0649957 0.0631104 0.0742619 0.0574491 0.0724023 0.0586831 0.0607955 0.0765238 0.0660949 0.0686239 0.0708871 0.0697592 0.0578917 0.0544725 0.0551140 0.0558593 0.0679629 0.0662540 0.0512140 0.0391310 -0.0096534 0.0396872 0.0253189 0.0094464 0.0234515 0.0384555 0.0297738 0.0121261 0.0049794 0.0192979 0.0466854 0.0265159 0.0433461 0.0279943 0.0273719 0.0366159 0.0274876 0.0382004 0.0185686 0.0407321 0.0098838 0.0583035 0.0188247 -0.0015554 0.0006669 0.0354765 0.0242723 0.0219504 0.0077426 -0.0089222 0.0159246 -0.0686492 -0.0778131 0.0151594 0.0195230 0.0251150 -0.0262133 0.0038578 -0.1233147 0.0046258 -0.0329292 -0.0244207 -0.0236873 0.0167975 -0.0674952 0.0043311 -0.1008786 -0.2877556 -0.2909473 -0.2898446 -0.2861951 -0.2869439 -0.2856784 -0.2900696 -0.2886094 -0.2890607 -0.2931404 -0.2931254 -0.2937622 -0.2933432 -0.2963122 -0.2939193 -0.2933453 -0.2982799 -0.2946740
0.1366294 0.1389145 0.1403936 0.1321174 0.1423839 0.1427263 0.1453207 0.1462158 0.1519401 0.1467660 0.1491299 0.1514020 0.1477900 0.1399331 0.1378390 0.8622209 0.0255495 0.0487361 0.0530422 0.0452313 0.0373946 0.0637927 0.0454860 0.0456426 0.0747457 0.0761327 0.0772277 0.0670779 0.0685101 0.0647553 0.0747938 0.0655058 0.0791872 0.0583233 0.0630111 0.0809264 0.0674216 0.0680482 0.0715778 0.0656624 0.0649474 0.0567236 0.0608435 0.0535588 0.0671981 0.0690373 0.0586097 0.0330130 -0.0100933 0.0362035 0.0259136 0.0099296 0.0210034 0.0381486 0.0242969 0.0108597 0.0026389 0.0197830 0.0440255 0.0275374 0.0457375 0.0301049 0.0306258 0.0375691 0.0286312 0.0434606 0.0182053 0.0355315 0.0087331 0.0582202 0.0190619 -0.0027432 -0.0007973 0.0411830 0.0243621 0.0275340 0.0125624 -0.0131803 0.0186601 -0.0692245 -0.0759257 0.0147033 0.0122818 0.0240047 -0.0274445 0.0004950 -0.1225165 0.0047687 -0.0309280 -0.0347194 -0.0345394 0.0170841 -0.0498659 0.0004576 -0.1056863 -0.2915652 -0.2942401 -0.2913616 -0.2880428 -0.2903752 -0.2869086 -0.2905392 -0.2920161 -0.2926662 -0.2963401 -0.2966353 -0.2968171 -0.2961098 -0.2982531 -0.2984184 -0.2972854 -0.3023545 -0.2983825
0.0356744 0.0279738 0.0363567 0.0296644 0.0368944 0.0366092 0.0338517 0.0388331 0.0441983 0.0345906 0.0426878 0.0391691 0.0336649 0.0390945 0.0298648 0.0255495 0.9729549 0.0449683 0.0501159 0.0668816 0.0653451 0.0493495 0.0559356 0.0686590 -0.0155351 -0.0189282 -0.0174682 -0.0116684 -0.0218918 -0.0244012 -0.0284845 -0.0294660 -0.0289647 -0.0089395 -0.0156923 -0.0190515 -0.0136709 -0.0170897 -0.0200223 -0.0195024 0.0011047 -0.0124556 -0.0277973 -0.0173469 -0.0121001 -0.0123453 -0.0099278 -0.0405938 -0.0094723 -0.0272763 -0.0191846 -0.0089365 -0.0339170 -0.0089882 -0.0171392 -0.0207833 -0.0165007 -0.0207315 -0.0352554 -0.0215384 -0.0301201 -0.0409506 -0.0398252 -0.0298755 -0.0311821 -0.0234572 -0.0354534 -0.0379510 -0.0361718 -0.0203887 -0.0319169 -0.0190157 -0.0204425 -0.0145489 -0.0242257 -0.0254488 -0.0198929 -0.0283329 -0.0131538 -0.0241073 -0.0235830 -0.0290181 -0.0181868 -0.0223603 -0.0237762 -0.0293234 -0.0015189 -0.0218307 -0.0175243 -0.0600908 -0.0601185 -0.0392952 -0.0095128 -0.0211252 -0.0131523 0.0094449 0.0092571 0.0093799 0.0102260 0.0112058 0.0089870 0.0139194 0.0130563 0.0101742 0.0121774 0.0113690 0.0105779 0.0093689 0.0081239 0.0107715 0.0123424 0.0030657 0.0078498
0.0560660 0.0536008 0.0564172 0.0510150 0.0635682 0.0573154 0.0612224 0.0613317 0.0671224 0.0624150 0.0670067 0.0658703 0.0614208 0.0643960 0.0512518 0.0487361 0.0449683 0.9406165 0.0706816 0.0720894 0.0628261 0.0735081 0.0655997 0.0635569 -0.0025823 -0.0092147 -0.0061365 -0.0108199 -0.0100344 -0.0196666 -0.0157447 -0.0251955 -0.0074426 0.0058007 -0.0110764 -0.0077094 -0.0054640 -0.0071514 -0.0050948 -0.0090981 0.0034410 -0.0205955 -0.0084348 -0.0006117 0.0093507 -0.0124158 -0.0119163 -0.0182031 -0.0125396 -0.0089002 -0.0077807 -0.0286102 -0.0150723 -0.0016506 -0.0242588 -0.0158408 -0.0194297 -0.0149174 -0.0273873 -0.0198531 -0.0367273 -0.0510023 -0.0505926 -0.0106290 -0.0125904 -0.0175756 -0.0262608 -0.0144392 -0.0367813 -0.0091268 -0.0274937 -0.0268452 -0.0174634 -0.0042997 -0.0155001 -0.0113958 -0.0218974 -0.0089375 -0.0067636 -0.0353072 -0.0387376 -0.0320152 -0.0133248 -0.0197641 -0.0271511 -0.0139314 -0.0298641 -0.0204967 -0.0217008 0.0022184 0.0034459 -0.0113368 -0.0197374 -0.0258613 -0.0199239 -0.0490578 -0.0532274 -0.0520819 -0.0446860 -0.0489435 -0.0497196 -0.0478562 -0.0489082 -0.0500992 -0.0500733 -0.0521374 -0.0524028 -0.0517656 -0.0506307 -0.0514310 -0.0490038 -0.0573251 -0.0508599
0.0583009 0.0551523 0.0650437 0.0544749 0.0658869 0.0588624 0.0673457 0.0688676 0.0705765 0.0622847 0.0734468 0.0678993 0.0646110 0.0683325 0.0550254 0.0530422 0.0501159 0.0706816 0.9426064 0.0765302 0.0737838 0.0750998 0.0663449 0.0675633 -0.0031617 -0.0015273 0.0015271 -0.0101239 -0.0083450 -0.0192224 -0.0099902 -0.0218896 -0.0077920 0.0061340 -0.0108671 0.0015863 -0.0068505 -0.0073575 -0.0040490 -0.0046644 0.0007781 -0.0155504 -0.0115670 -0.0020465 0.0163962 -0.0073018 -0.0105208 -0.0163062 -0.0085906 -0.0051334 -0.0071859 -0.0243839 -0.0099540 -0.0053872 -0.0178981 -0.0087317 -0.0263576 -0.0192831 -0.0268283 -0.0152960 -0.0373453 -0.0453222 -0.0465702 -0.0092573 -0.0165157 -0.0191810 -0.0264755 -0.0126650 -0.0423402 -0.0087034 -0.0316896 -0.0341841 -0.0230415 -0.0045432 -0.0171300 -0.0177981 -0.0209144 -0.0177856 -0.0105131 -0.0357721 -0.0309721 -0.0353724 -0.0112979 -0.0254716 -0.0316100 -0.0190352 -0.0360110 -0.0191984 -0.0337360 -0.0027577 -0.0034177 -0.0133525 -0.0236379 -0.0255411 -0.0324885 -0.0526037 -0.0567904 -0.0527535 -0.0518247 -0.0516527 -0.0538119 -0.0528906 -0.0526392 -0.0538771 -0.0504398 -0.0561263 -0.0592833 -0.0554515 -0.0565108 -0.0567489 -0.0539060 -0.0605818 -0.0581881
0.0471044 0.0456355 0.0496027 0.0416527 0.0549471 0.0489363 0.0576892 0.0565549 0.0614673 0.0560800 0.0626496 0.0571764 0.0524029 0.0530121 0.0382634 0.0452313 0.0668816 0.0720894 0.0765302 0.9880136 0.0710166 0.0902891 0.0879074 0.0735778 -0.0178937 -0.0192914 -0.0199758 -0.0268859 -0.0310889 -0.0367776 -0.0330703 -0.0418349 -0.0219526 -0.0025992 -0.0202721 -0.0197774 -0.0122441 -0.0179726 -0.0151655 -0.0205373 -0.0188480 -0.0349339 -0.0259475 -0.0124523 -0.0017578 -0.0332160 -0.0325872 -0.0173041 -0.0071241 -0.0071197 -0.0095798 -0.0234726 -0.0090715 -0.0164814 -0.0296711 -0.0285780 -0.0288912 -0.0225987 -0.0439424 -0.0238237 -0.0547481 -0.0678974 -0.0672067 -0.0221317 -0.0188886 -0.0309147 -0.0357450 -0.0157038 -0.0509401 -0.0189205 -0.0417791 -0.0424553 -0.0239124 -0.0007443 -0.0194629 -0.0355607 -0.0306464 -0.0194954 -0.0192537 -0.0304887 -0.0465439 -0.0504630 -0.0366966 -0.0221630 -0.0411248 -0.0277650 -0.0140710 -0.0167269 -0.0168115 0.0262391 0.0284363 -0.0142789 -0.0127760 -0.0462077 -0.0129106 -0.0129459 -0.0176800 -0.0138442 -0.0092400 -0.0095472 -0.0166866 -0.0150250 -0.0111040 -0.0116608 -0.0131011 -0.0113399 -0.0162707 -0.0106903 -0.0140016 -0.0124464 -0.0104182 -0.0166332 -0.0142055
0.0430968 0.0374264 0.0447077 0.0363397 0.0491316 0.0469489 0.0472072 0.0495654 0.0537227 0.0458820 0.0566083 0.0496528 0.0452634 0.0460838 0.0331001 0.0373946 0.0653451 0.0628261 0.0737838 0.0710166 1.0079366 0.0793281 0.0738285 0.0762697 -0.0221909 -0.0212567 -0.0168569 -0.0271389 -0.0303533 -0.0434670 -0.0326726 -0.0421228 -0.0327427 -0.0102669 -0.0280587 -0.0253355 -0.0296006 -0.0245745 -0.0248839 -0.0235890 -0.0092854 -0.0290509 -0.0338262 -0.0205821 -0.0079638 -0.0273787 -0.0250210 -0.0442256 -0.0082821 -0.0200597 -0.0220353 -0.0147047 -0.0199541 -0.0233463 -0.0401922 -0.0245414 -0.0304169 -0.0334206 -0.0522741 -0.0333867 -0.0543363 -0.0604158 -0.0608072 -0.0260331 -0.0323877 -0.0365698 -0.0400840 -0.0430640 -0.0494759 -0.0248491 -0.0378015 -0.0324127 -0.0281885 -0.0157055 -0.0274333 -0.0405866 -0.0272545 -0.0132468 -0.0238910 -0.0309769 -0.0311170 -0.0481860 -0.0309544 -0.0241641 -0.0393134 -0.0370563 -0.0013334 -0.0234928 -0.0170007 -0.0209269 -0.0215909 -0.0240385 -0.0029081 -0.0261808 -0.0143832 0.0160041 0.0171891 0.0175107 0.0172577 0.0169031 0.0142118 0.0196583 0.0181006 0.0176631 0.0198608 0.0156850 0.0144487 0.0163596 0.0139106 0.0185086 0.0176829 0.0090581 0.0187246
0.0697960 0.0625707 0.0696547 0.0584149 0.0766149 0.0703079 0.0742796 0.0749763 0.0762115 0.0721207 0.0792987 0.0757579 0.0729211 0.0746328 0.0631224 0.0637927 0.0493495 0.0735081 0.0750998 0.0902891 0.0793281 0.9664914 0.0794990 0.0837826 -0.0102587 -0.0034691 -0.0054741 -0.0097487 -0.0200923 -0.0281615 -0.0185800 -0.0300096 -0.0118791 0.0062791 -0.0091609 -0.0055097 -0.0098840 -0.0047807 -0.0093220 -0.0067944 -0.0069043 -0.0271709 -0.0147770 -0.0031906 0.0075185 -0.0200426 -0.0179505 -0.0169474 -0.0051323 -0.0082141 -0.0042522 -0.0194179 -0.0003530 -0.0122664 -0.0302311 -0.0191374 -0.0307344 -0.0164040 -0.0273889 -0.0178750 -0.0490893 -0.0551400 -0.0554364 -0.0143225 -0.0241724 -0.0227357 -0.0354724 -0.0149420 -0.0425333 -0.0097030 -0.0387416 -0.0379536 -0.0236651 -0.0031178 -0.0164656 -0.0261280 -0.0238410 -0.0045533 0.0031924 -0.0364105 -0.0473537 -0.0467150 -0.0266412 -0.0163368 -0.0393098 -0.0212889 -0.0347591 -0.0187115 -0.0256879 0.0178013 0.0195747 -0.0117705 -0.0208470 -0.0319816 -0.0280572 -0.0551984 -0.0580733 -0.0568608 -0.0517670 -0.0533360 -0.0559476 -0.0522859 -0.0556179 -0.0564052 -0.0570423 -0.0542669 -0.0562030 -0.0515874 -0.0569506 -0.0534502 -0.0560171 -0.0593557 -0.0537648
0.0499342 0.0473811 0.0538479 0.0445619 0.0568845 0.0547283 0.0553390 0.0582239 0.0641461 0.0561604 0.0659810 0.0643442 0.0579247 0.0575718 0.0439701 0.0454860 0.0559356 0.0655997 0.0663449 0.0879074 0.0738285 0.0794990 0.9710989 0.0739492 -0.0154798 -0.0193631 -0.0164251 -0.0199796 -0.0238366 -0.0310152 -0.0219097 -0.0303815 -0.0220921 -0.0052278 -0.0217489 -0.0205831 -0.0220568 -0.0192703 -0.0230033 -0.0197954 -0.0029641 -0.0227461 -0.0261065 -0.0115257 -0.0066486 -0.0180806 -0.0212296 -0.0355470 -0.0183640 -0.0168556 -0.0104935 -0.0170190 -0.0211021 -0.0136253 -0.0327300 -0.0228865 -0.0344251 -0.0110146 -0.0335607 -0.0233544 -0.0474137 -0.0515072 -0.0525585 -0.0319067 -0.0336157 -0.0245238 -0.0384808 -0.0340297 -0.0467636 -0.0180619 -0.0435473 -0.0319948 -0.0323620 -0.0058148 -0.0281643 -0.0316445 -0.0241080 -0.0247347 -0.0137100 -0.0300177 -0.0402745 -0.0410579 -0.0289765 -0.0188642 -0.0337986 -0.0284326 -0.0163302 -0.0146293 -0.0190213 -0.0318053 -0.0312910 -0.0293097 -0.0134721 -0.0362078 -0.0166580 -0.0078520 -0.0097986 -0.0070947 -0.0016847 -0.0054594 -0.0045244 -0.0036140 -0.0044388 -0.0089361 -0.0044023 -0.0087058 -0.0070518 -0.0056746 -0.0066804 -0.0044829 -0.0085709 -0.0123928 -0.0030031
0.0552211 0.0438415 0.0513108 0.0471062 0.0569251 0.0526258 0.0538597 0.0513318 0.0619063 0.0544540 0.0603379 0.0577775 0.0540524 0.0570527 0.0430247 0.0456426 0.0686590 0.0635569 0.0675633 0.0735778 0.0762697 0.0837826 0.0739492 0.9680198 -0.0096252 -0.0054696 -0.0112369 -0.0109243 -0.0173825 -0.0254685 -0.0213284 -0.0240363 -0.0212643 0.0001877 -0.0196315 -0.0102765 -0.0121680 -0.0098991 -0.0110376 -0.0152415 -0.0003415 -0.0221345 -0.0192534 -0.0056747 0.0052687 -0.0150725 -0.0124777 -0.0291559 -0.0145479 -0.0123208 -0.0070412 -0.0118835 -0.0183586 -0.0093059 -0.0176763 -0.0200606 -0.0243920 -0.0205663 -0.0338381 -0.0289476 -0.0384472 -0.0493529 -0.0501030 -0.0235151 -0.0247842 -0.0262768 -0.0338433 -0.0264120 -0.0363511 -0.0082837 -0.0312731 -0.0279980 -0.0189999 -0.0095945 -0.0216984 -0.0240815 -0.0212759 -0.0121917 -0.0178274 -0.0315190 -0.0417418 -0.0408272 -0.0240561 -0.0234639 -0.0253199 -0.0281049 -0.0174408 -0.0228861 -0.0287851 -0.0008280 -0.0009693 -0.0217796 -0.0172416 -0.0270371 -0.0208622 -0.0301140 -0.0301304 -0.0332616 -0.0263285 -0.0273607 -0.0287530 -0.0270182 -0.0266490 -0.0277342 -0.0298697 -0.0313631 -0.0297211 -0.0318191 -0.0306013 -0.0281437 -0.0290422 -0.0328113 -0.0297014
0.0704506 0.0741483 0.0696834 0.0722489 0.0718788 0.0723382 0.0710791 0.0717707 0.0724835 0.0696864 0.0671013 0.0678718 0.0709481 0.0711226 0.0724829 0.0747457 -0.0155351 -0.0025823 -0.0031617 -0.0178937 -0.0221909 -0.0102587 -0.0154798 -0.0096252 0.8248200 0.0822334 0.0882577 0.0992876 0.1125484 0.1235246 0.1217106 0.1033506 0.0856560 0.0578295 0.0714905 0.0871734 0.0733101 0.0725853 0.0713043 0.0784341 0.0611845 0.0688642 0.0705145 0.0568846 0.0630531 0.0801969 0.0649653 0.0522632 -0.0036907 0.0383291 0.0270529 0.0230459 0.0268916 0.0449829 0.0409333 0.0224157 0.0250827 0.0278387 0.0692591 0.0425366 0.0751778 0.0668785 0.0686542 0.0540124 0.0432898 0.0607099 0.0429333 0.0513568 0.0500873 0.0718665 0.0436246 0.0227722 0.0140658 0.0405175 0.0377582 0.0457283 0.0269721 0.0012425 0.0226454 -0.0391533 -0.0525331 0.0477996 0.0367285 0.0451534 -0.0039918 0.0226894 -0.1114432 0.0237013 -0.0186909 -0.0317622 -0.0342688 0.0321741 -0.0648354 0.0291801 -0.0900805 -0.2670908 -0.2722346 -0.2675819 -0.2675847 -0.2691494 -0.2642933 -0.2680173 -0.2714144 -0.2696102 -0.2753493 -0.2720683 -0.2737339 -0.2775800 -0.2770740 -0.2781079 -0.2761292 -0.2785161 -0.2756690
0.0671602 0.0680417 0.0661094 0.0659931 0.0656915 0.0681625 0.0687887 0.0716866 0.0671617 0.0687676 0.0622676 0.0640605 0.0656350 0.0623278 0.0702369 0.0761327 -0.0189282 -0.0092147 -0.0015273 -0.0192914 -0.0212567 -0.0034691 -0.0193631 -0.0054696 0.0822334 0.8301191 0.1194778 0.0724856 0.0890253 0.0815450 0.0931578 0.0831034 0.0856915 0.0581481 0.0658380 0.0877169 0.0725667 0.0728039 0.0748592 0.0799539 0.0588820 0.0692148 0.0684874 0.0526218 0.0576532 0.0778672 0.0653269 0.0517972 -0.0005740 0.0475382 0.0344024 0.0225986 0.0394725 0.0486776 0.0529635 0.0197994 0.0262467 0.0323830 0.0713648 0.0451350 0.0856385 0.0736371 0.0744060 0.0534157 0.0476977 0.0581340 0.0387423 0.0526058 0.0400332 0.0649938 0.0419480 0.0202608 0.0234860 0.0431658 0.0442872 0.0391683 0.0297306 -0.0000441 0.0288368 -0.0331622 -0.0449930 0.0506833 0.0313566 0.0469728 0.0025982 0.0310715 -0.1162112 0.0257234 -0.0129886 -0.0199443 -0.0192862 0.0368990 -0.0582639 0.0252315 -0.0843886 -0.2640033 -0.2659055 -0.2636375 -0.2625551 -0.2668105 -0.2613441 -0.2672428 -0.2661768 -0.2663917 -0.2699697 -0.2698743 -0.2693384 -0.2699308 -0.2699335 -0.2742214 -0.2723352 -0.2731442 -0.2706560
0.0692687 0.0740413 0.0746797 0.0736520 0.0724097 0.0741934 0.0746798 0.0749559 0.0719839 0.0710694 0.0677801 0.0688310 0.0748864 0.0693949 0.0778036 0.0772277 -0.0174682 -0.0061365 0.0015271 -0.0199758 -0.0168569 -0.0054741 -0.0164251 -0.0112369 0.0882577 0.1194778 0.8312641 0.0818998 0.0868215 0.0913057 0.0920954 0.0914825 0.0868523 0.0588759 0.0696093 0.0825290 0.0771522 0.0711076 0.0768129 0.0820830 0.0605901 0.0715887 0.0710301 0.0588614 0.0616048 0.0750203 0.0667215 0.0551369 -0.0043387 0.0444778 0.0260609 0.0266312 0.0315309 0.0429350 0.0457585 0.0178524 0.0244938 0.0374766 0.0688066 0.0512686 0.0819918 0.0718328 0.0711695 0.0618244 0.0504980 0.0546807 0.0437150 0.0532914 0.0462852 0.0708457 0.0485445 0.0205980 0.0159613 0.0440455 0.0450621 0.0461168 0.0280433 0.0007397 0.0265358 -0.0441638 -0.0526665 0.0495620 0.0369115 0.0437857 0.0039859 0.0266513 -0.1135722 0.0205218 -0.0143843 -0.0257138 -0.0263401 0.0347731 -0.0606364 0.0305975 -0.0844835 -0.2718223 -0.2754588 -0.2726306 -0.2690668 -0.2721965 -0.2671371 -0.2716323 -0.2725654 -0.2731895 -0.2762805 -0.2759985 -0.2777464 -0.2795109 -0.2781796 -0.2798930 -0.2802201 -0.2824974 -0.2783612
0.0544621 0.0625395 0.0614936 0.0631946 0.0570616 0.0624003 0.0611091 0.0626003 0.0615108 0.0610509 0.0594244 0.0589025 0.0621673 0.0605585 0.0652344 0.0670779 -0.0116684 -0.0108199 -0.0101239 -0.0268859 -0.0271389 -0.0097487 -0.0199796 -0.0109243 0.0992876 0.0724856 0.0818998 0.8382447 0.1141582 0.0976007 0.0939215 0.1088521 0.0679080 0.0515334 0.0588783 0.0788780 0.0726701 0.0654714 0.0686581 0.0609026 0.0688435 0.0705766 0.0648715 0.0502814 0.0533208 0.0832617 0.0781577 0.0465589 -0.0091305 0.0330537 0.0334873 0.0307946 0.0320896 0.0542179 0.0471269 0.0104767 0.0267517 0.0286944 0.0708526 0.0416977 0.0821014 0.0777532 0.0780369 0.0465633 0.0391114 0.0530218 0.0315377 0.0467304 0.0422164 0.0669119 0.0424050 0.0293743 0.0253350 0.0353166 0.0356574 0.0438774 0.0280083 -0.0058555 0.0209319 -0.0392892 -0.0422739 0.0484929 0.0316752 0.0400727 -0.0022263 0.0227055 -0.0995867 0.0178806 -0.0259065 -0.0535638 -0.0549486 0.0190603 -0.0597583 0.0238966 -0.0838406 -0.2437671 -0.2475542 -0.2469380 -0.2421167 -0.2430031 -0.2392008 -0.2454543 -0.2463654 -0.2477433 -0.2511195 -0.2484725 -0.2481709 -0.2512229 -0.2505584 -0.2536035 -0.2521017 -0.2535470 -0.2542928
0.0595592 0.0650353 0.0598142 0.0657863 0.0580740 0.0642845 0.0609809 0.0617308 0.0597024 0.0587500 0.0563654 0.0578691 0.0618815 0.0593015 0.0649957 0.0685101 -0.0218918 -0.0100344 -0.0083450 -0.0310889 -0.0303533 -0.0200923 -0.0238366 -0.0173825 0.1125484 0.0890253 0.0868215 0.1141582 0.8344979 0.1099049 0.1033051 0.1212220 0.0776003 0.0550617 0.0631668 0.0815601 0.0722817 0.0727459 0.0738852 0.0702414 0.0644139 0.0633415 0.0676949 0.0521728 0.0554913 0.0777697 0.0650734 0.0479615 0.0047409 0.0367122 0.0316466 0.0196957 0.0355210 0.0529590 0.0470155 0.0175592 0.0282280 0.0363746 0.0739193 0.0455997 0.0890764 0.0819042 0.0828802 0.0563508 0.0425605 0.0585952 0.0387445 0.0478171 0.0434117 0.0708977 0.0451354 0.0297154 0.0204908 0.0414382 0.0387890 0.0443230 0.0319094 -0.0038751 0.0271397 -0.0348304 -0.0412390 0.0540558 0.0320603 0.0466347 0.0006052 0.0196749 -0.1065721 0.0179101 -0.0159582 -0.0435089 -0.0461689 0.0250238 -0.0597712 0.0249221 -0.0840207 -0.2529041 -0.2614041 -0.2557212 -0.2545120 -0.2550817 -0.2510806 -0.2587448 -0.2595755 -0.2577484 -0.2593328 -0.2595084 -0.2598141 -0.2635009 -0.2628382 -0.2646939 -0.2647915 -0.2651836 -0.2644728
0.0522807 0.0617613 0.0579400 0.0593501 0.0542349 0.0582284 0.0582910 0.0545061 0.0553437 0.0550127 0.0482439 0.0536322 0.0555163 0.0529693 0.0631104 0.0647553 -0.0244012 -0.0196666 -0.0192224 -0.0367776 -0.0434670 -0.0281615 -0.0310152 -0.0254685 0.1235246 0.0815450 0.0913057 0.0976007 0.1099049 0.8385248 0.1231137 0.1088801 0.0769106 0.0576319 0.0708821 0.0854207 0.0774667 0.0842200 0.0735836 0.0813951 0.0609212 0.0735287 0.0775393 0.0579747 0.0616502 0.0806946 0.0729900 0.0637411 -0.0001873 0.0396936 0.0295443 0.0305661 0.0354119 0.0501500 0.0571520 0.0206043 0.0262348 0.0355819 0.0729888 0.0468576 0.0939549 0.0873688 0.0875486 0.0635630 0.0465543 0.0648474 0.0485250 0.0636475 0.0596319 0.0786436 0.0546711 0.0275074 0.0270746 0.0387924 0.0393859 0.0577991 0.0298846 0.0021226 0.0259785 -0.0354127 -0.0402114 0.0612129 0.0417171 0.0451924 0.0080606 0.0316685 -0.1109976 0.0256747 -0.0163372 -0.0352659 -0.0368842 0.0313673 -0.0596581 0.0322824 -0.0858205 -0.2618713 -0.2705042 -0.2675369 -0.2654422 -0.2673561 -0.2600259 -0.2661198 -0.2672069 -0.2677818 -0.2705760 -0.2686211 -0.2698693 -0.2724375 -0.2718114 -0.2725338 -0.2729329 -0.2745329 -0.2723703
0.0646491 0.0686185 0.0687613 0.0700933 0.0672146 0.0662751 0.0674407 0.0686145 0.0657624 0.0620999 0.0606688 0.0623304 0.0659938 0.0615223 0.0742619 0.0747938 -0.0284845 -0.0157447 -0.0099902 -0.0330703 -0.0326726 -0.0185800 -0.0219097 -0.0213284 0.1217106 0.0931578 0.0920954 0.0939215 0.1033051 0.1231137 0.8300845 0.1049359 0.0877568 0.0629499 0.0734786 0.0950320 0.0836806 0.0835575 0.0854503 0.0851524 0.0658812 0.0732360 0.0828242 0.0624300 0.0678024 0.0891234 0.0729664 0.0663343 -0.0071086 0.0502269 0.0343093 0.0334597 0.0405685 0.0520174 0.0565783 0.0258267 0.0261115 0.0338694 0.0873476 0.0505915 0.0882774 0.0810232 0.0816029 0.0586812 0.0527120 0.0633701 0.0467298 0.0659867 0.0565965 0.0825172 0.0520814 0.0238604 0.0252299 0.0476336 0.0480416 0.0484227 0.0320402 0.0030741 0.0271635 -0.0368182 -0.0487727 0.0552961 0.0375080 0.0515288 0.0011142 0.0289692 -0.1149995 0.0273474 -0.0149648 -0.0224573 -0.0241167 0.0367658 -0.0690874 0.0407520 -0.0906713 -0.2826811 -0.2886886 -0.2838829 -0.2825930 -0.2849626 -0.2800543 -0.2850123 -0.2865175 -0.2877485 -0.2894942 -0.2890148 -0.2890713 -0.2906897 -0.2922708 -0.2925307 -0.2937787 -0.2921677 -0.2914208
0.0532629 0.0590080 0.0496323 0.0563598 0.0511621 0.0533017 0.0537440 0.0545382 0.0537736 0.0524211 0.0467713 0.0501379 0.0543786 0.0508546 0.0574491 0.0655058 -0.0294660 -0.0251955 -0.0218896 -0.0418349 -0.0421228 -0.0300096 -0.0303815 -0.0240363 0.1033506 0.0831034 0.0914825 0.1088521 0.1212220 0.1088801 0.1049359 0.8469854 0.0831405 0.0522448 0.0613984 0.0869416 0.0745898 0.0713403 0.0738602 0.0694544 0.0625195 0.0740340 0.0654317 0.0515329 0.0540795 0.0863308 0.0709329 0.0437221 -0.0084427 0.0347032 0.0243066 0.0341981 0.0251801 0.0546974 0.0501718 0.0194054 0.0296313 0.0399747 0.0743806 0.0535197 0.0966867 0.0989816 0.0998411 0.0461994 0.0385480 0.0584076 0.0488664 0.0446458 0.0514429 0.0706671 0.0563235 0.0352096 0.0220091 0.0355188 0.0361888 0.0582929 0.0362463 -0.0041383 0.0202227 -0.0308838 -0.0385745 0.0597231 0.0313262 0.0449178 0.0051041 0.0240196 -0.0977822 0.0156736 -0.0148828 -0.0759916 -0.0786658 0.0214884 -0.0520750 0.0368338 -0.0825875 -0.2471990 -0.2491658 -0.2446905 -0.2453739 -0.2465472 -0.2409222 -0.2464658 -0.2490647 -0.2476086 -0.2493787 -0.2499546 -0.2507695 -0.2547631 -0.2544123 -0.2554590 -0.2555512 -0.2556326 -0.2525634
0.0666001 0.0686820 0.0721661 0.0698156 0.0678764 0.0700784 0.0718257 0.0714936 0.0649296 0.0667541 0.0634113 0.0646677 0.0683129 0.0634988 0.0724023 0.0791872 -0.0289647 -0.0074426 -0.0077920 -0.0219526 -0.0327427 -0.0118791 -0.0220921 -0.0212643 0.0856560 0.0856915 0.0868523 0.0679080 0.0776003 0.0769106 0.0877568 0.0831405 0.8251503 0.0646879 0.0805691 0.0995884 0.0813484 0.0914682 0.0921853 0.0927808 0.0641813 0.0729080 0.0847645 0.0637436 0.0689677 0.0745282 0.0642080 0.0761087 0.0050686 0.0616747 0.0404563 0.0201338 0.0463665 0.0491136 0.0526541 0.0256604 0.0299494 0.0359181 0.0838040 0.0448993 0.0818465 0.0737845 0.0742184 0.0708971 0.0610020 0.0637818 0.0519763 0.0734553 0.0519815 0.0777038 0.0530389 0.0240559 0.0250926 0.0533256 0.0492609 0.0471573 0.0315860 0.0110864 0.0286520 -0.0350732 -0.0419818 0.0487175 0.0409927 0.0483155 0.0057539 0.0354049 -0.1232313 0.0355226 -0.0078038 0.0155351 0.0136728 0.0429788 -0.0701709 0.0315199 -0.0761266 -0.2885760 -0.2900335 -0.2885263 -0.2872386 -0.2878070 -0.2846785 -0.2893272 -0.2912855 -0.2904710 -0.2966028 -0.2930624 -0.2966923 -0.2956626 -0.2963257 -0.2977404 -0.2957168 -0.2980353 -0.2966478
0.0555503 0.0579007 0.0578505 0.0574004 0.0570278 0.0558117 0.0590173 0.0585719 0.0557987 0.0561563 0.0541501 0.0551007 0.0561167 0.0555642 0.0586831 0.0583233 -0.0089395 0.0058007 0.0061340 -0.0025992 -0.0102669 0.0062791 -0.0052278 0.0001877 0.0578295 0.0581481 0.0588759 0.0515334 0.0550617 0.0576319 0.0629499 0.0522448 0.0646879 0.9161601 0.0532725 0.0628893 0.0565741 0.0588378 0.0607683 0.0594279 0.0435611 0.0446340 0.0578424 0.0459751 0.0486748 0.0508995 0.0460343 0.0560621 0.0072251 0.0436924 0.0309191 0.0137429 0.0359179 0.0334343 0.0389663 0.0195250 0.0190695 0.0242215 0.0531158 0.0315433 0.0523663 0.0441008 0.0442108 0.0498423 0.0444467 0.0445975 0.0343211 0.0565454 0.0356202 0.0528176 0.0354849 0.0134668 0.0194484 0.0387358 0.0367361 0.0300944 0.0224173 0.0117835 0.0244894 -0.0256129 -0.0322084 0.0311123 0.0284817 0.0341766 0.0053222 0.0232877 -0.0861796 0.0254059 -0.0037939 0.0338740 0.0336002 0.0355978 -0.0467512 0.0241529 -0.0555425 -0.2031704 -0.2064541 -0.2033915 -0.2028637 -0.2022045 -0.2001460 -0.2044497 -0.2049171 -0.2055146 -0.2095753 -0.2078691 -0.2104999 -0.2095092 -0.2099388 -0.2116899 -0.2104881 -0.2127054 -0.2099048
